# Potential applied (V)	Current (A)
-1.500244141	-0.002945557
-1.499786377	-0.002939453
-1.499328613	-0.00293335
-1.49887085	-0.002924805
-1.498413086	-0.002918091
-1.497955322	-0.002911377
-1.497497559	-0.002905579
-1.497039795	-0.002898254
-1.496582031	-0.002892761
-1.496124268	-0.002885437
-1.495666504	-0.002880554
-1.49520874	-0.002872925
-1.494750977	-0.002866516
-1.494293213	-0.002859497
-1.493835449	-0.002853088
-1.493377686	-0.00284729
-1.492919922	-0.002835693
-1.492462158	-0.002834473
-1.492004395	-0.002828674
-1.491546631	-0.002822266
-1.491088867	-0.002814941
-1.490631104	-0.002808228
-1.49017334	-0.002803345
-1.489715576	-0.002796326
-1.489257813	-0.002789001
-1.488800049	-0.002784119
-1.488342285	-0.002774353
-1.487884521	-0.002771301
-1.487426758	-0.002763062
-1.486968994	-0.002759705
-1.48651123	-0.002752686
-1.486053467	-0.002745972
-1.485595703	-0.002739868
-1.485137939	-0.002728577
-1.484680176	-0.002724609
-1.484222412	-0.002719116
-1.483764648	-0.002713623
-1.483306885	-0.002709656
-1.482849121	-0.002701416
-1.482391357	-0.002695923
-1.481933594	-0.002690125
-1.48147583	-0.002683716
-1.481018066	-0.002677612
-1.480560303	-0.002674255
-1.480102539	-0.002663879
-1.479644775	-0.002657471
-1.479187012	-0.002653809
-1.478729248	-0.002648315
-1.478271484	-0.002640381
-1.477813721	-0.002634888
-1.477355957	-0.00263031
-1.476898193	-0.002622986
-1.47644043	-0.002616882
-1.475982666	-0.002612
-1.475524902	-0.002606201
-1.475067139	-0.002600708
-1.474609375	-0.002593994
-1.474151611	-0.002586365
-1.473693848	-0.002583313
-1.473236084	-0.002576599
-1.47277832	-0.002571411
-1.472320557	-0.002565308
-1.471862793	-0.002558594
-1.471405029	-0.002552795
-1.470947266	-0.002549133
-1.470489502	-0.002541199
-1.470031738	-0.002534485
-1.469573975	-0.002528992
-1.469116211	-0.002522888
-1.468658447	-0.00251709
-1.468200684	-0.002510071
-1.46774292	-0.002505493
-1.467285156	-0.002501526
-1.466827393	-0.002495422
-1.466369629	-0.002488098
-1.465911865	-0.002483521
-1.465454102	-0.002478333
-1.464996338	-0.002471619
-1.464538574	-0.002466125
-1.464080811	-0.002461243
-1.463623047	-0.002454224
-1.463165283	-0.002449951
-1.46270752	-0.002444763
-1.462249756	-0.00243927
-1.461791992	-0.002431641
-1.461334229	-0.002426147
-1.460876465	-0.002422485
-1.460418701	-0.002416382
-1.459960938	-0.002412109
-1.459503174	-0.002405396
-1.45904541	-0.002401733
-1.458587646	-0.002393188
-1.458129883	-0.002388916
-1.457672119	-0.002383728
-1.457214355	-0.002377625
-1.456756592	-0.002373047
-1.456298828	-0.002367554
-1.455841064	-0.002359314
-1.455383301	-0.002355042
-1.454925537	-0.00235199
-1.454467773	-0.002344666
-1.45401001	-0.002341003
-1.453552246	-0.002336121
-1.453094482	-0.002330322
-1.452636719	-0.002322693
-1.452178955	-0.002318726
-1.451721191	-0.002312927
-1.451263428	-0.00230896
-1.450805664	-0.002301331
-1.4503479	-0.002296448
-1.449890137	-0.00229126
-1.449432373	-0.002287903
-1.448974609	-0.002282104
-1.448516846	-0.002275696
-1.448059082	-0.002271423
-1.447601318	-0.002264709
-1.447143555	-0.002262268
-1.446685791	-0.00225647
-1.446228027	-0.002250977
-1.445770264	-0.002241516
-1.4453125	-0.002240906
-1.444854736	-0.002235107
-1.444396973	-0.002229309
-1.443939209	-0.002223511
-1.443481445	-0.002220459
-1.443023682	-0.002213745
-1.442565918	-0.002210693
-1.442108154	-0.00220459
-1.441650391	-0.002198486
-1.441192627	-0.002192993
-1.440734863	-0.002188416
-1.4402771	-0.002182007
-1.439819336	-0.00217926
-1.439361572	-0.002173462
-1.438903809	-0.002169189
-1.438446045	-0.002163391
-1.437988281	-0.002160034
-1.437530518	-0.002153625
-1.437072754	-0.002151489
-1.43661499	-0.002142334
-1.436157227	-0.002138672
-1.435699463	-0.002135315
-1.435241699	-0.002129517
-1.434783936	-0.002124634
-1.434326172	-0.002120667
-1.433868408	-0.002114868
-1.433410645	-0.002110596
-1.432952881	-0.002104492
-1.432495117	-0.00210144
-1.432037354	-0.002095337
-1.43157959	-0.002090149
-1.431121826	-0.002086182
-1.430664063	-0.002080078
-1.430206299	-0.002076416
-1.429748535	-0.002071838
-1.429290771	-0.002062683
-1.428833008	-0.002062073
-1.428375244	-0.002057495
-1.42791748	-0.002052002
-1.427459717	-0.00204895
-1.427001953	-0.002041016
-1.426544189	-0.00203949
-1.426086426	-0.002034302
-1.425628662	-0.002029114
-1.425170898	-0.002023621
-1.424713135	-0.002020874
-1.424255371	-0.002015381
-1.423797607	-0.002009277
-1.423339844	-0.002006531
-1.42288208	-0.002001343
-1.422424316	-0.001993713
-1.421966553	-0.001991272
-1.421508789	-0.001986389
-1.421051025	-0.001982117
-1.420593262	-0.001978455
-1.420135498	-0.001974182
-1.419677734	-0.001969604
-1.419219971	-0.001962585
-1.418762207	-0.001960144
-1.418304443	-0.001955261
-1.41784668	-0.001953125
-1.417388916	-0.001947327
-1.416931152	-0.001943665
-1.416473389	-0.001939087
-1.416015625	-0.00193512
-1.415557861	-0.001929321
-1.415100098	-0.001924438
-1.414642334	-0.001921082
-1.41418457	-0.001915894
-1.413726807	-0.001911011
-1.413269043	-0.001904297
-1.412811279	-0.001902771
-1.412353516	-0.001896973
-1.411895752	-0.001893311
-1.411437988	-0.001889038
-1.410980225	-0.001885376
-1.410522461	-0.001882629
-1.410064697	-0.001877441
-1.409606934	-0.001873169
-1.40914917	-0.001868591
-1.408691406	-0.001863403
-1.408233643	-0.001860046
-1.407775879	-0.001856079
-1.407318115	-0.00184906
-1.406860352	-0.001846313
-1.406402588	-0.001842957
-1.405944824	-0.00184082
-1.405487061	-0.001835022
-1.405029297	-0.001828613
-1.404571533	-0.001825256
-1.40411377	-0.001820679
-1.403656006	-0.001818237
-1.403198242	-0.001812134
-1.402740479	-0.001810303
-1.402282715	-0.00180481
-1.401824951	-0.001799622
-1.401367188	-0.00179657
-1.400909424	-0.001777344
-1.40045166	-0.001789246
-1.399993896	-0.001785583
-1.399536133	-0.001780396
-1.399078369	-0.001777649
-1.398620605	-0.001773071
-1.398162842	-0.001768188
-1.397705078	-0.001764221
-1.397247314	-0.001759949
-1.396789551	-0.001755981
-1.396331787	-0.001752625
-1.395874023	-0.001748962
-1.39541626	-0.001744995
-1.394958496	-0.001740723
-1.394500732	-0.001737061
-1.394042969	-0.001731262
-1.393585205	-0.001729126
-1.393127441	-0.001724548
-1.392669678	-0.001722412
-1.392211914	-0.001715698
-1.39175415	-0.001714172
-1.391296387	-0.001710205
-1.390838623	-0.001705322
-1.390380859	-0.001699524
-1.389923096	-0.001698608
-1.389465332	-0.001694946
-1.389007568	-0.001689758
-1.388549805	-0.001687012
-1.388092041	-0.001679993
-1.387634277	-0.001678467
-1.387176514	-0.001675415
-1.38671875	-0.001672058
-1.386260986	-0.001668396
-1.385803223	-0.001664429
-1.385345459	-0.001660156
-1.384887695	-0.001656189
-1.384429932	-0.001653137
-1.383972168	-0.00164917
-1.383514404	-0.001643677
-1.383056641	-0.00164093
-1.382598877	-0.001638489
-1.382141113	-0.001633911
-1.38168335	-0.001631165
-1.381225586	-0.001625977
-1.380767822	-0.001623535
-1.380310059	-0.001619568
-1.379852295	-0.001616821
-1.379394531	-0.001610718
-1.378936768	-0.001607056
-1.378479004	-0.00160553
-1.37802124	-0.001600952
-1.377563477	-0.001602478
-1.377105713	-0.001593323
-1.376647949	-0.001590576
-1.376190186	-0.00158844
-1.375732422	-0.001585083
-1.375274658	-0.001580505
-1.374816895	-0.001575928
-1.374359131	-0.001571655
-1.373901367	-0.001569824
-1.373443604	-0.001566162
-1.37298584	-0.0015625
-1.372528076	-0.001559448
-1.372070313	-0.001555176
-1.371612549	-0.00155365
-1.371154785	-0.001550293
-1.370697021	-0.001546326
-1.370239258	-0.001541443
-1.369781494	-0.001538086
-1.36932373	-0.001535339
-1.368865967	-0.001531372
-1.368408203	-0.001527405
-1.367950439	-0.0015271
-1.367492676	-0.001520081
-1.367034912	-0.001517944
-1.366577148	-0.001514587
-1.366119385	-0.00151062
-1.365661621	-0.001507263
-1.365203857	-0.001504517
-1.364746094	-0.001499939
-1.36428833	-0.001499023
-1.363830566	-0.001495361
-1.363372803	-0.001491394
-1.362915039	-0.001490479
-1.362457275	-0.001487427
-1.361999512	-0.001482849
-1.361541748	-0.001479797
-1.361083984	-0.001477661
-1.360626221	-0.001472778
-1.360168457	-0.001470947
-1.359710693	-0.00146698
-1.35925293	-0.001463013
-1.358795166	-0.001459656
-1.358337402	-0.00145752
-1.357879639	-0.00144989
-1.357421875	-0.001447754
-1.356964111	-0.001447754
-1.356506348	-0.00144104
-1.356048584	-0.00144043
-1.35559082	-0.001438599
-1.355133057	-0.001435242
-1.354675293	-0.001432495
-1.354217529	-0.001428833
-1.353759766	-0.001424561
-1.353302002	-0.001422729
-1.352844238	-0.001421204
-1.352386475	-0.001416016
-1.351928711	-0.001412964
-1.351470947	-0.001411133
-1.351013184	-0.00140625
-1.35055542	-0.001404114
-1.350097656	-0.001401062
-1.349639893	-0.001398315
-1.349182129	-0.001395874
-1.348724365	-0.001391602
-1.348266602	-0.001389465
-1.347808838	-0.001388245
-1.347351074	-0.001382141
-1.346893311	-0.001381531
-1.346435547	-0.001379395
-1.345977783	-0.001375427
-1.34552002	-0.001368408
-1.345062256	-0.001366577
-1.344604492	-0.001366882
-1.344146729	-0.00136261
-1.343688965	-0.001362305
-1.343231201	-0.001357422
-1.342773438	-0.00135437
-1.342315674	-0.001350708
-1.34185791	-0.001349182
-1.341400146	-0.001346741
-1.340942383	-0.001343689
-1.340484619	-0.001339417
-1.340026855	-0.001340942
-1.339569092	-0.001335754
-1.339111328	-0.001329346
-1.338653564	-0.001329346
-1.338195801	-0.00132782
-1.337738037	-0.001324768
-1.337280273	-0.001321411
-1.33682251	-0.001316833
-1.336364746	-0.001315918
-1.335906982	-0.001312561
-1.335449219	-0.00131012
-1.334991455	-0.001308899
-1.334533691	-0.001304626
-1.334075928	-0.001300354
-1.333618164	-0.001298523
-1.3331604	-0.001297913
-1.332702637	-0.001292114
-1.332244873	-0.001291199
-1.331787109	-0.001289368
-1.331329346	-0.001286926
-1.330871582	-0.001278992
-1.330413818	-0.001280212
-1.329956055	-0.001278381
-1.329498291	-0.001277161
-1.329040527	-0.001272888
-1.328582764	-0.001269531
-1.328125	-0.001268311
-1.327667236	-0.001263123
-1.327209473	-0.001261597
-1.326751709	-0.001260376
-1.326293945	-0.001256714
-1.325836182	-0.001254578
-1.325378418	-0.001251221
-1.324920654	-0.00125061
-1.324462891	-0.001247559
-1.324005127	-0.001243286
-1.323547363	-0.001242371
-1.3230896	-0.001240845
-1.322631836	-0.001235352
-1.322174072	-0.001235352
-1.321716309	-0.001233215
-1.321258545	-0.001231689
-1.320800781	-0.001227112
-1.320343018	-0.001225281
-1.319885254	-0.001218567
-1.31942749	-0.001220398
-1.318969727	-0.001217041
-1.318511963	-0.001214905
-1.318054199	-0.001210938
-1.317596436	-0.001212158
-1.317138672	-0.001207581
-1.316680908	-0.001205444
-1.316223145	-0.001202087
-1.315765381	-0.001200256
-1.315307617	-0.001198425
-1.314849854	-0.001195374
-1.31439209	-0.001193848
-1.313934326	-0.001191406
-1.313476563	-0.00118927
-1.313018799	-0.001183167
-1.312561035	-0.001183777
-1.312103271	-0.001180725
-1.311645508	-0.001177979
-1.311187744	-0.001175842
-1.31072998	-0.001174316
-1.310272217	-0.001173096
-1.309814453	-0.001170044
-1.309356689	-0.001168213
-1.308898926	-0.001165771
-1.308441162	-0.001164856
-1.307983398	-0.001159058
-1.307525635	-0.001158752
-1.307067871	-0.001156616
-1.306610107	-0.001154785
-1.306152344	-0.001152954
-1.30569458	-0.001150513
-1.305236816	-0.001147156
-1.304779053	-0.00114502
-1.304321289	-0.001143494
-1.303863525	-0.001138916
-1.303405762	-0.001138916
-1.302947998	-0.001137085
-1.302490234	-0.001134949
-1.302032471	-0.001131287
-1.301574707	-0.001129456
-1.301116943	-0.001127014
-1.30065918	-0.001126099
-1.300201416	-0.001125183
-1.299743652	-0.001121216
-1.299285889	-0.001117554
-1.298828125	-0.001116943
-1.298370361	-0.001119385
-1.297912598	-0.001112976
-1.297454834	-0.001109314
-1.29699707	-0.001108398
-1.296539307	-0.001106567
-1.296081543	-0.00110321
-1.295623779	-0.001100769
-1.295166016	-0.001099854
-1.294708252	-0.001097107
-1.294250488	-0.001098328
-1.293792725	-0.001091919
-1.293334961	-0.001092224
-1.292877197	-0.001089783
-1.292419434	-0.001087646
-1.29196167	-0.00108551
-1.291503906	-0.00108551
-1.291046143	-0.001082153
-1.290588379	-0.001081238
-1.290130615	-0.001078491
-1.289672852	-0.001071167
-1.289215088	-0.001074829
-1.288757324	-0.001072693
-1.288299561	-0.001070862
-1.287841797	-0.001069031
-1.287384033	-0.001065674
-1.28692627	-0.001063843
-1.286468506	-0.001062927
-1.286010742	-0.001059875
-1.285552979	-0.001058044
-1.285095215	-0.001057739
-1.284637451	-0.001055908
-1.284179688	-0.001053772
-1.283721924	-0.001049805
-1.28326416	-0.001048584
-1.282806396	-0.001047363
-1.282348633	-0.001045227
-1.281890869	-0.001042786
-1.281433105	-0.001037598
-1.280975342	-0.001040344
-1.280517578	-0.001036987
-1.280059814	-0.001031189
-1.279602051	-0.001034241
-1.279144287	-0.001034241
-1.278686523	-0.001029663
-1.27822876	-0.001030273
-1.277770996	-0.001028748
-1.277313232	-0.001026001
-1.276855469	-0.001019897
-1.276397705	-0.001023865
-1.275939941	-0.001019897
-1.275482178	-0.001017761
-1.275024414	-0.001017761
-1.27456665	-0.001015015
-1.274108887	-0.001012878
-1.273651123	-0.001011658
-1.273193359	-0.001009827
-1.272735596	-0.001010132
-1.272277832	-0.001006775
-1.271820068	-0.001005249
-1.271362305	-0.001004944
-1.270904541	-0.001001892
-1.270446777	-0.001001282
-1.269989014	-0.000997925
-1.26953125	-0.00099884
-1.269073486	-0.000993958
-1.268615723	-0.000995178
-1.268157959	-0.000991821
-1.267700195	-0.000990906
-1.267242432	-0.000987854
-1.266784668	-0.000987549
-1.266326904	-0.000986328
-1.265869141	-0.000982971
-1.265411377	-0.000982056
-1.264953613	-0.000980835
-1.26449585	-0.000982056
-1.264038086	-0.000979004
-1.263580322	-0.000977478
-1.263122559	-0.000974121
-1.262664795	-0.000973511
-1.262207031	-0.0009729
-1.261749268	-0.000969543
-1.261291504	-0.000970154
-1.26083374	-0.000966492
-1.260375977	-0.000966797
-1.259918213	-0.000964355
-1.259460449	-0.000963135
-1.259002686	-0.000960693
-1.258544922	-0.000960693
-1.258087158	-0.000960083
-1.257629395	-0.000957336
-1.257171631	-0.000956726
-1.256713867	-0.000953369
-1.256256104	-0.000953369
-1.25579834	-0.000949707
-1.255340576	-0.000948486
-1.254882813	-0.000947876
-1.254425049	-0.00094635
-1.253967285	-0.00094635
-1.253509521	-0.000942688
-1.253051758	-0.000943298
-1.252593994	-0.000942688
-1.25213623	-0.000940247
-1.251678467	-0.000939941
-1.251220703	-0.000939331
-1.250762939	-0.000936279
-1.250305176	-0.000934753
-1.249847412	-0.000933533
-1.249389648	-0.000932922
-1.248931885	-0.000929565
-1.248474121	-0.000926208
-1.248016357	-0.000927734
-1.247558594	-0.000927734
-1.24710083	-0.000926819
-1.246643066	-0.000924683
-1.246185303	-0.000924072
-1.245727539	-0.0009198
-1.245269775	-0.000921021
-1.244812012	-0.000920715
-1.244354248	-0.000921326
-1.243896484	-0.000917664
-1.243438721	-0.000916138
-1.242980957	-0.000914307
-1.242523193	-0.000912781
-1.24206543	-0.000912781
-1.241607666	-0.000911255
-1.241149902	-0.000910034
-1.240692139	-0.000909424
-1.240234375	-0.000907593
-1.239776611	-0.000908508
-1.239318848	-0.000905151
-1.238861084	-0.000904541
-1.23840332	-0.000901794
-1.237945557	-0.00090271
-1.237487793	-0.000899658
-1.237030029	-0.000901184
-1.236572266	-0.00089386
-1.236114502	-0.000897827
-1.235656738	-0.000897217
-1.235198975	-0.000891113
-1.234741211	-0.00089386
-1.234283447	-0.000895996
-1.233825684	-0.000892029
-1.23336792	-0.000889282
-1.232910156	-0.000888977
-1.232452393	-0.000891113
-1.231994629	-0.000885925
-1.231536865	-0.000887146
-1.231079102	-0.00088623
-1.230621338	-0.000882874
-1.230163574	-0.000883789
-1.229705811	-0.000882263
-1.229248047	-0.000883789
-1.228790283	-0.000880127
-1.22833252	-0.000881348
-1.227874756	-0.000877991
-1.227416992	-0.000878601
-1.226959229	-0.000877991
-1.226501465	-0.000875549
-1.226043701	-0.000875854
-1.225585938	-0.000870667
-1.225128174	-0.000873108
-1.22467041	-0.000872192
-1.224212646	-0.000870667
-1.223754883	-0.000869751
-1.223297119	-0.00086853
-1.222839355	-0.000868225
-1.222381592	-0.000867615
-1.221923828	-0.000868835
-1.221466064	-0.000866089
-1.221008301	-0.000865784
-1.220550537	-0.000861816
-1.220092773	-0.000863953
-1.21963501	-0.000864868
-1.219177246	-0.00085968
-1.218719482	-0.000860291
-1.218261719	-0.000861816
-1.217803955	-0.00085968
-1.217346191	-0.000857544
-1.216888428	-0.000856934
-1.216430664	-0.000856018
-1.2159729	-0.000855408
-1.215515137	-0.000856323
-1.215057373	-0.000853577
-1.214599609	-0.000853882
-1.214141846	-0.000851746
-1.213684082	-0.00085144
-1.213226318	-0.00085022
-1.212768555	-0.000852051
-1.212310791	-0.000849609
-1.211853027	-0.000847168
-1.211395264	-0.000847473
-1.2109375	-0.000848389
-1.210479736	-0.000844727
-1.210021973	-0.000845032
-1.209564209	-0.000845947
-1.209106445	-0.000844116
-1.208648682	-0.00084259
-1.208190918	-0.000843506
-1.207733154	-0.000842896
-1.207275391	-0.000840454
-1.206817627	-0.000837402
-1.206359863	-0.000839844
-1.2059021	-0.000839539
-1.205444336	-0.000838318
-1.204986572	-0.000838318
-1.204528809	-0.000837097
-1.204071045	-0.000835571
-1.203613281	-0.000835876
-1.203155518	-0.000836487
-1.202697754	-0.000833435
-1.20223999	-0.000833435
-1.201782227	-0.00083374
-1.201324463	-0.00083252
-1.200866699	-0.000834045
-1.200408936	-0.000831299
-1.199951172	-0.000830688
-1.199493408	-0.000830688
-1.199035645	-0.000828247
-1.198577881	-0.000827942
-1.198120117	-0.000827332
-1.197662354	-0.000825806
-1.19720459	-0.000826721
-1.196746826	-0.000826111
-1.196289063	-0.000819092
-1.195831299	-0.000826111
-1.195373535	-0.000825195
-1.194915771	-0.000823975
-1.194458008	-0.000822754
-1.194000244	-0.000822449
-1.19354248	-0.000822754
-1.193084717	-0.000820313
-1.192626953	-0.000820618
-1.192169189	-0.000819397
-1.191711426	-0.000819092
-1.191253662	-0.000820618
-1.190795898	-0.000818481
-1.190338135	-0.000818481
-1.189880371	-0.000818176
-1.189422607	-0.000817566
-1.188964844	-0.000815735
-1.18850708	-0.000816345
-1.188049316	-0.00081543
-1.187591553	-0.000812378
-1.187133789	-0.000814514
-1.186676025	-0.000812988
-1.186218262	-0.000813599
-1.185760498	-0.000812683
-1.185302734	-0.000812073
-1.184844971	-0.000812378
-1.184387207	-0.000810852
-1.183929443	-0.000811157
-1.18347168	-0.000811462
-1.183013916	-0.000811157
-1.182556152	-0.000810242
-1.182098389	-0.000809021
-1.181640625	-0.000808105
-1.181182861	-0.000809326
-1.180725098	-0.000806885
-1.180267334	-0.000806885
-1.17980957	-0.00080658
-1.179351807	-0.000806885
-1.178894043	-0.000805054
-1.178436279	-0.000804443
-1.177978516	-0.000805664
-1.177520752	-0.000803833
-1.177062988	-0.00080658
-1.176605225	-0.000803833
-1.176147461	-0.000803833
-1.175689697	-0.000803833
-1.175231934	-0.000801697
-1.17477417	-0.000797119
-1.174316406	-0.000800476
-1.173858643	-0.000803528
-1.173400879	-0.000800476
-1.172943115	-0.000799561
-1.172485352	-0.00079895
-1.172027588	-0.000799866
-1.171569824	-0.000800171
-1.171112061	-0.000797119
-1.170654297	-0.000800171
-1.170196533	-0.000797119
-1.16973877	-0.000796509
-1.169281006	-0.00079834
-1.168823242	-0.000797424
-1.168365479	-0.000793457
-1.167907715	-0.000794373
-1.167449951	-0.000792847
-1.166992188	-0.000794678
-1.166534424	-0.000795593
-1.16607666	-0.0007901
-1.165618896	-0.000794373
-1.165161133	-0.000793152
-1.164703369	-0.000792236
-1.164245605	-0.000792847
-1.163787842	-0.000792847
-1.163330078	-0.000792847
-1.162872314	-0.000792236
-1.162414551	-0.000791626
-1.161956787	-0.000790405
-1.161499023	-0.000787048
-1.16104126	-0.000789795
-1.160583496	-0.00078949
-1.160125732	-0.00078949
-1.159667969	-0.000787964
-1.159210205	-0.000788269
-1.158752441	-0.000788879
-1.158294678	-0.000787659
-1.157836914	-0.000787354
-1.15737915	-0.000787354
-1.156921387	-0.000788879
-1.156463623	-0.000789795
-1.156005859	-0.000787659
-1.155548096	-0.000786133
-1.155090332	-0.000786438
-1.154632568	-0.000787659
-1.154174805	-0.000785828
-1.153717041	-0.000786438
-1.153259277	-0.000786133
-1.152801514	-0.000784607
-1.15234375	-0.000782776
-1.151885986	-0.000782471
-1.151428223	-0.000782776
-1.150970459	-0.000782776
-1.150512695	-0.000780945
-1.150054932	-0.000783386
-1.149597168	-0.00078186
-1.149139404	-0.000782471
-1.148681641	-0.000780945
-1.148223877	-0.000781555
-1.147766113	-0.000783386
-1.14730835	-0.000783081
-1.146850586	-0.000782166
-1.146392822	-0.000780334
-1.145935059	-0.000780334
-1.145477295	-0.00078125
-1.145019531	-0.00078064
-1.144561768	-0.000780334
-1.144104004	-0.000776672
-1.14364624	-0.000778503
-1.143188477	-0.000779724
-1.142730713	-0.000779724
-1.142272949	-0.000779724
-1.141815186	-0.000779114
-1.141357422	-0.000779114
-1.140899658	-0.000776978
-1.140441895	-0.000776367
-1.139984131	-0.000779419
-1.139526367	-0.000774841
-1.139068604	-0.000775452
-1.13861084	-0.000776672
-1.138153076	-0.000774536
-1.137695313	-0.000768433
-1.137237549	-0.000774536
-1.136779785	-0.0007724
-1.136322021	-0.000773315
-1.135864258	-0.000774231
-1.135406494	-0.000775452
-1.13494873	-0.00077301
-1.134490967	-0.000773621
-1.134033203	-0.000772705
-1.133575439	-0.000774536
-1.133117676	-0.00077301
-1.132659912	-0.000774536
-1.132202148	-0.00077179
-1.131744385	-0.000770569
-1.131286621	-0.00077179
-1.130828857	-0.0007724
-1.130371094	-0.000772705
-1.12991333	-0.000769653
-1.129455566	-0.000773621
-1.128997803	-0.000770569
-1.128540039	-0.000771484
-1.128082275	-0.000768127
-1.127624512	-0.000770264
-1.127166748	-0.000772705
-1.126708984	-0.000770569
-1.126251221	-0.000770569
-1.125793457	-0.000769653
-1.125335693	-0.000770264
-1.12487793	-0.000767822
-1.124420166	-0.000769043
-1.123962402	-0.000767822
-1.123504639	-0.000767212
-1.123046875	-0.000768738
-1.122589111	-0.000769043
-1.122131348	-0.000767517
-1.121673584	-0.000767212
-1.12121582	-0.000767822
-1.120758057	-0.000767822
-1.120300293	-0.000767517
-1.119842529	-0.000767822
-1.119384766	-0.000768127
-1.118927002	-0.000766296
-1.118469238	-0.000766907
-1.118011475	-0.000767822
-1.117553711	-0.000762939
-1.117095947	-0.000764465
-1.116638184	-0.000767212
-1.11618042	-0.000764465
-1.115722656	-0.000765686
-1.115264893	-0.000765991
-1.114807129	-0.000765076
-1.114349365	-0.000765686
-1.113891602	-0.00076416
-1.113433838	-0.000763245
-1.112976074	-0.00076355
-1.112518311	-0.00076355
-1.112060547	-0.00076416
-1.111602783	-0.000763855
-1.11114502	-0.000763855
-1.110687256	-0.000762939
-1.110229492	-0.000765076
-1.109771729	-0.000765686
-1.109313965	-0.000761719
-1.108856201	-0.000762024
-1.108398438	-0.000762634
-1.107940674	-0.00076355
-1.10748291	-0.000761414
-1.107025146	-0.000762329
-1.106567383	-0.000762024
-1.106109619	-0.000761108
-1.105651855	-0.000760803
-1.105194092	-0.000760193
-1.104736328	-0.000761719
-1.104278564	-0.000759888
-1.103820801	-0.000760193
-1.103363037	-0.000760193
-1.102905273	-0.000757446
-1.10244751	-0.000759888
-1.101989746	-0.000760193
-1.101531982	-0.000758057
-1.101074219	-0.000758667
-1.100616455	-0.000758362
-1.100158691	-0.00075592
-1.099700928	-0.000757751
-1.099243164	-0.000757446
-1.0987854	-0.000758362
-1.098327637	-0.000758667
-1.097869873	-0.000758362
-1.097412109	-0.000759277
-1.096954346	-0.000757141
-1.096496582	-0.000758362
-1.096038818	-0.000757751
-1.095581055	-0.000758057
-1.095123291	-0.000753784
-1.094665527	-0.000756836
-1.094207764	-0.000758362
-1.09375	-0.000757141
-1.093292236	-0.000756836
-1.092834473	-0.00075531
-1.092376709	-0.000756836
-1.091918945	-0.000758057
-1.091461182	-0.00075531
-1.091003418	-0.000753174
-1.090545654	-0.000756836
-1.090087891	-0.0007547
-1.089630127	-0.00075592
-1.089172363	-0.000755615
-1.0887146	-0.000755005
-1.088256836	-0.000755005
-1.087799072	-0.00075531
-1.087341309	-0.000755005
-1.086883545	-0.000753784
-1.086425781	-0.000753479
-1.085968018	-0.000754089
-1.085510254	-0.000753784
-1.08505249	-0.000754395
-1.084594727	-0.000754089
-1.084136963	-0.000754395
-1.083679199	-0.000753479
-1.083221436	-0.000753784
-1.082763672	-0.000751038
-1.082305908	-0.000753784
-1.081848145	-0.000752563
-1.081390381	-0.000753479
-1.080932617	-0.000752869
-1.080474854	-0.000751953
-1.08001709	-0.000752563
-1.079559326	-0.000751953
-1.079101563	-0.000751648
-1.078643799	-0.000751648
-1.078186035	-0.000750122
-1.077728271	-0.000749817
-1.077270508	-0.000750427
-1.076812744	-0.000752563
-1.07635498	-0.000748901
-1.075897217	-0.000750427
-1.075439453	-0.000750732
-1.074981689	-0.000748901
-1.074523926	-0.000751648
-1.074066162	-0.000749817
-1.073608398	-0.000750122
-1.073150635	-0.000750427
-1.072692871	-0.000751038
-1.072235107	-0.000749207
-1.071777344	-0.000748596
-1.07131958	-0.000751038
-1.070861816	-0.000749817
-1.070404053	-0.000751343
-1.069946289	-0.000750122
-1.069488525	-0.000748901
-1.069030762	-0.000752869
-1.068572998	-0.000749207
-1.068115234	-0.00074646
-1.067657471	-0.00074707
-1.067199707	-0.000749817
-1.066741943	-0.000748596
-1.06628418	-0.000748596
-1.065826416	-0.000746765
-1.065368652	-0.000746765
-1.064910889	-0.000748901
-1.064453125	-0.00074707
-1.063995361	-0.000749207
-1.063537598	-0.000747986
-1.063079834	-0.000748291
-1.06262207	-0.000744629
-1.062164307	-0.000744934
-1.061706543	-0.000744934
-1.061248779	-0.00074646
-1.060791016	-0.00074707
-1.060333252	-0.000745544
-1.059875488	-0.00074646
-1.059417725	-0.000745239
-1.058959961	-0.000745239
-1.058502197	-0.000746765
-1.058044434	-0.000743408
-1.05758667	-0.000744324
-1.057128906	-0.00074585
-1.056671143	-0.000744629
-1.056213379	-0.000745239
-1.055755615	-0.000744324
-1.055297852	-0.000744629
-1.054840088	-0.000746765
-1.054382324	-0.000743103
-1.053924561	-0.000742188
-1.053466797	-0.000745239
-1.053009033	-0.000743408
-1.05255127	-0.000743713
-1.052093506	-0.000741882
-1.051635742	-0.000741882
-1.051177979	-0.000742798
-1.050720215	-0.000741882
-1.050262451	-0.000743103
-1.049804688	-0.000741577
-1.049346924	-0.000743103
-1.04888916	-0.000744019
-1.048431396	-0.000742188
-1.047973633	-0.000736389
-1.047515869	-0.000743103
-1.047058105	-0.000742188
-1.046600342	-0.000743103
-1.046142578	-0.000742188
-1.045684814	-0.000739746
-1.045227051	-0.000741577
-1.044769287	-0.000742493
-1.044311523	-0.000741272
-1.04385376	-0.000740356
-1.043395996	-0.000740662
-1.042938232	-0.000740967
-1.042480469	-0.000740967
-1.042022705	-0.000737915
-1.041564941	-0.000740967
-1.041107178	-0.000740662
-1.040649414	-0.000740356
-1.04019165	-0.000741272
-1.039733887	-0.000740356
-1.039276123	-0.000739441
-1.038818359	-0.000739136
-1.038360596	-0.00073822
-1.037902832	-0.000738831
-1.037445068	-0.000737305
-1.036987305	-0.000738525
-1.036529541	-0.000739746
-1.036071777	-0.00073822
-1.035614014	-0.00073761
-1.03515625	-0.000736694
-1.034698486	-0.000740051
-1.034240723	-0.000738525
-1.033782959	-0.000738525
-1.033325195	-0.000737
-1.032867432	-0.000738525
-1.032409668	-0.00073761
-1.031951904	-0.000737305
-1.031494141	-0.000736084
-1.031036377	-0.000735779
-1.030578613	-0.000735168
-1.03012085	-0.000739441
-1.029663086	-0.000737915
-1.029205322	-0.000737
-1.028747559	-0.000736084
-1.028289795	-0.000736694
-1.027832031	-0.000735779
-1.027374268	-0.000736389
-1.026916504	-0.000737305
-1.02645874	-0.000735474
-1.026000977	-0.000731201
-1.025543213	-0.000736694
-1.025085449	-0.000734558
-1.024627686	-0.000737
-1.024169922	-0.000735779
-1.023712158	-0.000734558
-1.023254395	-0.000736084
-1.022796631	-0.000734863
-1.022338867	-0.000733643
-1.021881104	-0.000734863
-1.02142334	-0.000737305
-1.020965576	-0.000733643
-1.020507813	-0.000736084
-1.020050049	-0.000733948
-1.019592285	-0.000734863
-1.019134521	-0.000735168
-1.018676758	-0.000733948
-1.018218994	-0.000733337
-1.01776123	-0.000733948
-1.017303467	-0.000731812
-1.016845703	-0.000732727
-1.016387939	-0.000734253
-1.015930176	-0.000732727
-1.015472412	-0.000733948
-1.015014648	-0.000731812
-1.014556885	-0.000732422
-1.014099121	-0.000732422
-1.013641357	-0.000732422
-1.013183594	-0.000732422
-1.01272583	-0.000734558
-1.012268066	-0.000730591
-1.011810303	-0.000731506
-1.011352539	-0.000732422
-1.010894775	-0.000731812
-1.010437012	-0.000730286
-1.009979248	-0.000733032
-1.009521484	-0.000732117
-1.009063721	-0.000730591
-1.008605957	-0.000731201
-1.008148193	-0.000732117
-1.00769043	-0.000731506
-1.007232666	-0.000730286
-1.006774902	-0.000730591
-1.006317139	-0.000730591
-1.005859375	-0.000732117
-1.005401611	-0.000729065
-1.004943848	-0.000731506
-1.004486084	-0.000730286
-1.00402832	-0.000729065
-1.003570557	-0.000729675
-1.003112793	-0.000730591
-1.002655029	-0.000729675
-1.002197266	-0.000730286
-1.001739502	-0.000727844
-1.001281738	-0.00072937
-1.000823975	-0.000728455
-1.000366211	-0.000729675
-0.999908447	-0.000729675
-0.999450684	-0.000731201
-0.99899292	-0.00072998
-0.998535156	-0.000728455
-0.998077393	-0.000730286
-0.997619629	-0.000727844
-0.997161865	-0.000729065
-0.996704102	-0.000726929
-0.996246338	-0.00072876
-0.995788574	-0.000728455
-0.995330811	-0.000726929
-0.994873047	-0.000729675
-0.994415283	-0.000727844
-0.99395752	-0.000727234
-0.993499756	-0.000726624
-0.993041992	-0.000726929
-0.992584229	-0.000726929
-0.992126465	-0.000727844
-0.991668701	-0.000726929
-0.991210938	-0.000727844
-0.990753174	-0.000725708
-0.99029541	-0.000726624
-0.989837646	-0.000730591
-0.989379883	-0.000726929
-0.988922119	-0.000727234
-0.988464355	-0.000726013
-0.988006592	-0.000726013
-0.987548828	-0.000727844
-0.987091064	-0.000726929
-0.986633301	-0.000726929
-0.986175537	-0.000724487
-0.985717773	-0.000726013
-0.98526001	-0.000726929
-0.984802246	-0.000725708
-0.984344482	-0.000725403
-0.983886719	-0.000726318
-0.983428955	-0.000727234
-0.982971191	-0.000726318
-0.982513428	-0.000726013
-0.982055664	-0.000726929
-0.9815979	-0.000725403
-0.981140137	-0.000725403
-0.980682373	-0.000726013
-0.980224609	-0.000724182
-0.979766846	-0.000726318
-0.979309082	-0.000727539
-0.978851318	-0.000723572
-0.978393555	-0.000725098
-0.977935791	-0.000724792
-0.977478027	-0.000727234
-0.977020264	-0.000724792
-0.9765625	-0.000724182
-0.976104736	-0.000724182
-0.975646973	-0.000721741
-0.975189209	-0.000725403
-0.974731445	-0.000723572
-0.974273682	-0.000722046
-0.973815918	-0.000723267
-0.973358154	-0.000723877
-0.972900391	-0.000724792
-0.972442627	-0.000722351
-0.971984863	-0.000725098
-0.9715271	-0.000724792
-0.971069336	-0.000723572
-0.970611572	-0.000722046
-0.970153809	-0.000720825
-0.969696045	-0.000722046
-0.969238281	-0.000722351
-0.968780518	-0.000722961
-0.968322754	-0.000721741
-0.96786499	-0.000722351
-0.967407227	-0.000722656
-0.966949463	-0.000720825
-0.966491699	-0.000722046
-0.966033936	-0.000722351
-0.965576172	-0.000723572
-0.965118408	-0.000723267
-0.964660645	-0.000722351
-0.964202881	-0.000722656
-0.963745117	-0.000722656
-0.963287354	-0.000722961
-0.96282959	-0.000722351
-0.962371826	-0.000723572
-0.961914063	-0.000721741
-0.961456299	-0.00072052
-0.960998535	-0.00072052
-0.960540771	-0.000722656
-0.960083008	-0.000722961
-0.959625244	-0.000722046
-0.95916748	-0.000722046
-0.958709717	-0.000720825
-0.958251953	-0.000722351
-0.957794189	-0.00072052
-0.957336426	-0.000718994
-0.956878662	-0.00071991
-0.956420898	-0.000720825
-0.955963135	-0.000722961
-0.955505371	-0.000720215
-0.955047607	-0.000719604
-0.954589844	-0.000720215
-0.95413208	-0.000720215
-0.953674316	-0.00072113
-0.953216553	-0.000720215
-0.952758789	-0.000721741
-0.952301025	-0.00072052
-0.951843262	-0.000718994
-0.951385498	-0.000719604
-0.950927734	-0.000720215
-0.950469971	-0.000720215
-0.950012207	-0.000718079
-0.949554443	-0.000718689
-0.94909668	-0.000718994
-0.948638916	-0.000719299
-0.948181152	-0.00072052
-0.947723389	-0.000718384
-0.947265625	-0.000718689
-0.946807861	-0.00071991
-0.946350098	-0.000720215
-0.945892334	-0.000718689
-0.94543457	-0.000720825
-0.944976807	-0.000718384
-0.944519043	-0.00071991
-0.944061279	-0.000718384
-0.943603516	-0.00072052
-0.943145752	-0.00072113
-0.942687988	-0.00071991
-0.942230225	-0.000719299
-0.941772461	-0.000718994
-0.941314697	-0.000719299
-0.940856934	-0.000720215
-0.94039917	-0.000718689
-0.939941406	-0.000718689
-0.939483643	-0.000719299
-0.939025879	-0.000716553
-0.938568115	-0.000718689
-0.938110352	-0.000717773
-0.937652588	-0.000719604
-0.937194824	-0.000718384
-0.936737061	-0.000718079
-0.936279297	-0.000719299
-0.935821533	-0.00071991
-0.93536377	-0.000718079
-0.934906006	-0.000718689
-0.934448242	-0.000717163
-0.933990479	-0.000718079
-0.933532715	-0.000717163
-0.933074951	-0.000718079
-0.932617188	-0.000718689
-0.932159424	-0.000716553
-0.93170166	-0.000717163
-0.931243896	-0.000717773
-0.930786133	-0.000718689
-0.930328369	-0.000717468
-0.929870605	-0.000717773
-0.929412842	-0.000719604
-0.928955078	-0.000717773
-0.928497314	-0.000717773
-0.928039551	-0.000717773
-0.927581787	-0.000718384
-0.927124023	-0.000718384
-0.92666626	-0.000717773
-0.926208496	-0.000717773
-0.925750732	-0.000717773
-0.925292969	-0.000716858
-0.924835205	-0.000716858
-0.924377441	-0.000717468
-0.923919678	-0.000717468
-0.923461914	-0.000717163
-0.92300415	-0.000717468
-0.922546387	-0.000717163
-0.922088623	-0.000715027
-0.921630859	-0.000715942
-0.921173096	-0.000720825
-0.920715332	-0.000716248
-0.920257568	-0.000718079
-0.919799805	-0.000718079
-0.919342041	-0.000715942
-0.918884277	-0.000716248
-0.918426514	-0.000716858
-0.91796875	-0.000717163
-0.917510986	-0.000718384
-0.917053223	-0.000717468
-0.916595459	-0.000717163
-0.916137695	-0.000716553
-0.915679932	-0.000715027
-0.915222168	-0.000717773
-0.914764404	-0.000717468
-0.914306641	-0.000714111
-0.913848877	-0.000716553
-0.913391113	-0.000716553
-0.91293335	-0.000716553
-0.912475586	-0.000715332
-0.912017822	-0.000717773
-0.911560059	-0.000716248
-0.911102295	-0.000715332
-0.910644531	-0.000716553
-0.910186768	-0.000716553
-0.909729004	-0.000715637
-0.90927124	-0.000716248
-0.908813477	-0.000715942
-0.908355713	-0.000715332
-0.907897949	-0.000715942
-0.907440186	-0.000715332
-0.906982422	-0.000715637
-0.906524658	-0.000715942
-0.906066895	-0.000715637
-0.905609131	-0.000713196
-0.905151367	-0.000713501
-0.904693604	-0.000717468
-0.90423584	-0.000715942
-0.903778076	-0.000715637
-0.903320313	-0.000713501
-0.902862549	-0.000715637
-0.902404785	-0.000713806
-0.901947021	-0.000712891
-0.901489258	-0.000715332
-0.901031494	-0.000715027
-0.90057373	-0.000715637
-0.900115967	-0.000715027
-0.899658203	-0.000715332
-0.899200439	-0.000715332
-0.898742676	-0.000715027
-0.898284912	-0.000715027
-0.897827148	-0.000713501
-0.897369385	-0.000714111
-0.896911621	-0.000715027
-0.896453857	-0.000717773
-0.895996094	-0.000715637
-0.89553833	-0.000716248
-0.895080566	-0.000715637
-0.894622803	-0.000715637
-0.894165039	-0.00071228
-0.893707275	-0.000715942
-0.893249512	-0.000715637
-0.892791748	-0.000714111
-0.892333984	-0.000714111
-0.891876221	-0.000714722
-0.891418457	-0.000716248
-0.890960693	-0.000715637
-0.89050293	-0.000716553
-0.890045166	-0.000715027
-0.889587402	-0.000715027
-0.889129639	-0.000712585
-0.888671875	-0.000714111
-0.888214111	-0.000714722
-0.887756348	-0.000712891
-0.887298584	-0.000715332
-0.88684082	-0.000713196
-0.886383057	-0.000713501
-0.885925293	-0.000713806
-0.885467529	-0.00071228
-0.885009766	-0.000714417
-0.884552002	-0.000715332
-0.884094238	-0.000713501
-0.883636475	-0.000715637
-0.883178711	-0.000715332
-0.882720947	-0.000714417
-0.882263184	-0.000712585
-0.88180542	-0.000714722
-0.881347656	-0.000713501
-0.880889893	-0.000713806
-0.880432129	-0.000714417
-0.879974365	-0.000715332
-0.879516602	-0.000714722
-0.879058838	-0.000712585
-0.878601074	-0.000713501
-0.878143311	-0.000713806
-0.877685547	-0.000714111
-0.877227783	-0.000715027
-0.87677002	-0.000713501
-0.876312256	-0.000713501
-0.875854492	-0.00071228
-0.875396729	-0.000714722
-0.874938965	-0.000713501
-0.874481201	-0.000713501
-0.874023438	-0.000711975
-0.873565674	-0.000713196
-0.87310791	-0.000712891
-0.872650146	-0.000713806
-0.872192383	-0.000711975
-0.871734619	-0.000713501
-0.871276855	-0.000713196
-0.870819092	-0.000713196
-0.870361328	-0.000712585
-0.869903564	-0.000712585
-0.869445801	-0.000713806
-0.868988037	-0.00071228
-0.868530273	-0.000714722
-0.86807251	-0.000712891
-0.867614746	-0.000712891
-0.867156982	-0.000708923
-0.866699219	-0.000713196
-0.866241455	-0.000714722
-0.865783691	-0.000712585
-0.865325928	-0.000714111
-0.864868164	-0.00071228
-0.8644104	-0.00071228
-0.863952637	-0.000712891
-0.863494873	-0.000713196
-0.863037109	-0.000713196
-0.862579346	-0.000713806
-0.862121582	-0.000711975
-0.861663818	-0.00071228
-0.861206055	-0.000714417
-0.860748291	-0.000709839
-0.860290527	-0.000711975
-0.859832764	-0.000713806
-0.859375	-0.000713501
-0.858917236	-0.000712585
-0.858459473	-0.00071228
-0.858001709	-0.000711365
-0.857543945	-0.000713501
-0.857086182	-0.000708923
-0.856628418	-0.000713196
-0.856170654	-0.000713501
-0.855712891	-0.000713806
-0.855255127	-0.000713501
-0.854797363	-0.000713806
-0.8543396	-0.000711365
-0.853881836	-0.000711975
-0.853424072	-0.000715332
-0.852966309	-0.00071228
-0.852508545	-0.00071228
-0.852050781	-0.000711365
-0.851593018	-0.000713196
-0.851135254	-0.000712891
-0.85067749	-0.000713196
-0.850219727	-0.000712891
-0.849761963	-0.00071228
-0.849304199	-0.000711975
-0.848846436	-0.000711975
-0.848388672	-0.00071167
-0.847930908	-0.00071106
-0.847473145	-0.000711365
-0.847015381	-0.000710449
-0.846557617	-0.000708313
-0.846099854	-0.00071228
-0.84564209	-0.000712585
-0.845184326	-0.00071228
-0.844726563	-0.000714417
-0.844268799	-0.000713196
-0.843811035	-0.00071228
-0.843353271	-0.000712585
-0.842895508	-0.00071106
-0.842437744	-0.00071106
-0.84197998	-0.00071106
-0.841522217	-0.00071228
-0.841064453	-0.000710754
-0.840606689	-0.00071228
-0.840148926	-0.00071106
-0.839691162	-0.00071167
-0.839233398	-0.000711975
-0.838775635	-0.000710144
-0.838317871	-0.000710754
-0.837860107	-0.000714111
-0.837402344	-0.000709534
-0.83694458	-0.000711975
-0.836486816	-0.000708618
-0.836029053	-0.000712585
-0.835571289	-0.000716553
-0.835113525	-0.000707397
-0.834655762	-0.000710449
-0.834197998	-0.000710754
-0.833740234	-0.000708923
-0.833282471	-0.000710144
-0.832824707	-0.00071106
-0.832366943	-0.00071167
-0.83190918	-0.000710754
-0.831451416	-0.000713501
-0.830993652	-0.000711975
-0.830535889	-0.000711365
-0.830078125	-0.000710449
-0.829620361	-0.000709839
-0.829162598	-0.00071106
-0.828704834	-0.000710144
-0.82824707	-0.000711365
-0.827789307	-0.000709839
-0.827331543	-0.000710754
-0.826873779	-0.000710754
-0.826416016	-0.000709839
-0.825958252	-0.000710754
-0.825500488	-0.000710144
-0.825042725	-0.000709534
-0.824584961	-0.000709229
-0.824127197	-0.000710449
-0.823669434	-0.00071106
-0.82321167	-0.000710144
-0.822753906	-0.000710449
-0.822296143	-0.000710449
-0.821838379	-0.000709229
-0.821380615	-0.000708923
-0.820922852	-0.000708923
-0.820465088	-0.000705261
-0.820007324	-0.000708313
-0.819549561	-0.000711365
-0.819091797	-0.000709839
-0.818634033	-0.000708618
-0.81817627	-0.000708923
-0.817718506	-0.000710449
-0.817260742	-0.000708618
-0.816802979	-0.000709534
-0.816345215	-0.000710754
-0.815887451	-0.000710144
-0.815429688	-0.000708923
-0.814971924	-0.000709839
-0.81451416	-0.000708618
-0.814056396	-0.000710449
-0.813598633	-0.000709534
-0.813140869	-0.000708008
-0.812683105	-0.000709839
-0.812225342	-0.00071167
-0.811767578	-0.000710144
-0.811309814	-0.000708313
-0.810852051	-0.000708313
-0.810394287	-0.000710144
-0.809936523	-0.000709839
-0.80947876	-0.000709534
-0.809020996	-0.000706787
-0.808563232	-0.000709229
-0.808105469	-0.000706787
-0.807647705	-0.000709839
-0.807189941	-0.000706482
-0.806732178	-0.000708618
-0.806274414	-0.000708618
-0.80581665	-0.000707703
-0.805358887	-0.000706177
-0.804901123	-0.000707092
-0.804443359	-0.000707397
-0.803985596	-0.000708313
-0.803527832	-0.000708618
-0.803070068	-0.000706482
-0.802612305	-0.000708618
-0.802154541	-0.000706177
-0.801696777	-0.000708008
-0.801239014	-0.00071228
-0.80078125	-0.000707092
-0.800323486	-0.000708313
-0.799865723	-0.000705872
-0.799407959	-0.000705566
-0.798950195	-0.000707703
-0.798492432	-0.000706177
-0.798034668	-0.000707397
-0.797576904	-0.000707703
-0.797119141	-0.00071167
-0.796661377	-0.000708008
-0.796203613	-0.000707703
-0.79574585	-0.000708008
-0.795288086	-0.000706482
-0.794830322	-0.000707703
-0.794372559	-0.000707397
-0.793914795	-0.000707397
-0.793457031	-0.000706482
-0.792999268	-0.000707397
-0.792541504	-0.000706787
-0.79208374	-0.000707092
-0.791625977	-0.000706787
-0.791168213	-0.000706177
-0.790710449	-0.000708008
-0.790252686	-0.000705872
-0.789794922	-0.000705261
-0.789337158	-0.000705566
-0.788879395	-0.000706482
-0.788421631	-0.000705261
-0.787963867	-0.000704956
-0.787506104	-0.000704651
-0.78704834	-0.000702209
-0.786590576	-0.000704041
-0.786132813	-0.000703735
-0.785675049	-0.000704041
-0.785217285	-0.000705566
-0.784759521	-0.000707092
-0.784301758	-0.000706482
-0.783843994	-0.000705872
-0.78338623	-0.000706482
-0.782928467	-0.000705261
-0.782470703	-0.000705872
-0.782012939	-0.000706177
-0.781555176	-0.000704041
-0.781097412	-0.000704956
-0.780639648	-0.000706177
-0.780181885	-0.000704956
-0.779724121	-0.000702515
-0.779266357	-0.000704956
-0.778808594	-0.000704956
-0.77835083	-0.000704041
-0.777893066	-0.000703735
-0.777435303	-0.000706482
-0.776977539	-0.000705872
-0.776519775	-0.000703735
-0.776062012	-0.000701599
-0.775604248	-0.000705261
-0.775146484	-0.000704956
-0.774688721	-0.000702515
-0.774230957	-0.000704346
-0.773773193	-0.000704651
-0.77331543	-0.00070343
-0.772857666	-0.000704041
-0.772399902	-0.000703125
-0.771942139	-0.000704956
-0.771484375	-0.000706482
-0.771026611	-0.000704956
-0.770568848	-0.000701904
-0.770111084	-0.000703735
-0.76965332	-0.000704041
-0.769195557	-0.000704651
-0.768737793	-0.00070282
-0.768280029	-0.000705566
-0.767822266	-0.000704041
-0.767364502	-0.000701904
-0.766906738	-0.000704346
-0.766448975	-0.000704041
-0.765991211	-0.000703125
-0.765533447	-0.000703735
-0.765075684	-0.00070343
-0.76461792	-0.000704956
-0.764160156	-0.000704956
-0.763702393	-0.000704346
-0.763244629	-0.000703735
-0.762786865	-0.000704651
-0.762329102	-0.000704651
-0.761871338	-0.000703125
-0.761413574	-0.000701904
-0.760955811	-0.000703735
-0.760498047	-0.000703735
-0.760040283	-0.000704041
-0.75958252	-0.000701904
-0.759124756	-0.000701294
-0.758666992	-0.00070343
-0.758209229	-0.000704651
-0.757751465	-0.00070343
-0.757293701	-0.000703125
-0.756835938	-0.000703735
-0.756378174	-0.000702209
-0.75592041	-0.000700378
-0.755462646	-0.000701599
-0.755004883	-0.000704346
-0.754547119	-0.000701904
-0.754089355	-0.000703125
-0.753631592	-0.000703125
-0.753173828	-0.000701599
-0.752716064	-0.000697632
-0.752258301	-0.000701599
-0.751800537	-0.000700378
-0.751342773	-0.000702515
-0.75088501	-0.000702209
-0.750427246	-0.000701904
-0.749969482	-0.000702515
-0.749511719	-0.000702515
-0.749053955	-0.000701599
-0.748596191	-0.000701599
-0.748138428	-0.000702515
-0.747680664	-0.00070282
-0.7472229	-0.000699463
-0.746765137	-0.000701294
-0.746307373	-0.000701294
-0.745849609	-0.000701294
-0.745391846	-0.000700378
-0.744934082	-0.000700684
-0.744476318	-0.000700073
-0.744018555	-0.000701904
-0.743560791	-0.00070343
-0.743103027	-0.000701599
-0.742645264	-0.000701904
-0.7421875	-0.000701294
-0.741729736	-0.000701294
-0.741271973	-0.000700684
-0.740814209	-0.000700684
-0.740356445	-0.000701294
-0.739898682	-0.000700684
-0.739440918	-0.000699768
-0.738983154	-0.000701294
-0.738525391	-0.000701294
-0.738067627	-0.000699463
-0.737609863	-0.000701294
-0.7371521	-0.000697937
-0.736694336	-0.000702209
-0.736236572	-0.000700989
-0.735778809	-0.000697937
-0.735321045	-0.000700989
-0.734863281	-0.000700378
-0.734405518	-0.000700989
-0.733947754	-0.000700684
-0.73348999	-0.000699768
-0.733032227	-0.000700684
-0.732574463	-0.000699158
-0.732116699	-0.000700684
-0.731658936	-0.000699768
-0.731201172	-0.000699158
-0.730743408	-0.000698242
-0.730285645	-0.000700684
-0.729827881	-0.000701294
-0.729370117	-0.000700073
-0.728912354	-0.000699158
-0.72845459	-0.000699768
-0.727996826	-0.000698242
-0.727539063	-0.000699768
-0.727081299	-0.000700073
-0.726623535	-0.000698242
-0.726165771	-0.000700684
-0.725708008	-0.000700378
-0.725250244	-0.000699158
-0.72479248	-0.000698547
-0.724334717	-0.000702209
-0.723876953	-0.000698547
-0.723419189	-0.000698242
-0.722961426	-0.000699463
-0.722503662	-0.000697632
-0.722045898	-0.000698853
-0.721588135	-0.000697021
-0.721130371	-0.000698853
-0.720672607	-0.000697937
-0.720214844	-0.000698547
-0.71975708	-0.000698547
-0.719299316	-0.000698853
-0.718841553	-0.000696411
-0.718383789	-0.000697021
-0.717926025	-0.000699463
-0.717468262	-0.000694885
-0.717010498	-0.000699158
-0.716552734	-0.000697632
-0.716094971	-0.000699463
-0.715637207	-0.000697327
-0.715179443	-0.000698853
-0.71472168	-0.000698547
-0.714263916	-0.000697327
-0.713806152	-0.000697632
-0.713348389	-0.000697327
-0.712890625	-0.000694885
-0.712432861	-0.000696411
-0.711975098	-0.000698242
-0.711517334	-0.000697021
-0.71105957	-0.000696411
-0.710601807	-0.000696106
-0.710144043	-0.000695801
-0.709686279	-0.000695801
-0.709228516	-0.000694885
-0.708770752	-0.000694885
-0.708312988	-0.000699158
-0.707855225	-0.000696716
-0.707397461	-0.000697937
-0.706939697	-0.000695496
-0.706481934	-0.000694885
-0.70602417	-0.000694885
-0.705566406	-0.000693665
-0.705108643	-0.000694275
-0.704650879	-0.000696106
-0.704193115	-0.00069458
-0.703735352	-0.000697021
-0.703277588	-0.00069519
-0.702819824	-0.00069519
-0.702362061	-0.000693665
-0.701904297	-0.000693665
-0.701446533	-0.00069458
-0.70098877	-0.000695496
-0.700531006	-0.000694275
-0.700073242	-0.00069397
-0.699615479	-0.000693359
-0.699157715	-0.000689697
-0.698699951	-0.000692749
-0.698242188	-0.000691223
-0.697784424	-0.000693359
-0.69732666	-0.000692749
-0.696868896	-0.000695801
-0.696411133	-0.000692444
-0.695953369	-0.000692444
-0.695495605	-0.000693665
-0.695037842	-0.000692139
-0.694580078	-0.000692139
-0.694122314	-0.000689697
-0.693664551	-0.000690613
-0.693206787	-0.000692139
-0.692749023	-0.000691528
-0.69229126	-0.000690918
-0.691833496	-0.000690613
-0.691375732	-0.000691528
-0.690917969	-0.000688782
-0.690460205	-0.000693665
-0.690002441	-0.000691223
-0.689544678	-0.000691223
-0.689086914	-0.000691223
-0.68862915	-0.000689697
-0.688171387	-0.000690002
-0.687713623	-0.000690308
-0.687255859	-0.000689697
-0.686798096	-0.000687561
-0.686340332	-0.000690308
-0.685882568	-0.000689392
-0.685424805	-0.000689392
-0.684967041	-0.000690918
-0.684509277	-0.000687561
-0.684051514	-0.000691528
-0.68359375	-0.000687561
-0.683135986	-0.000690613
-0.682678223	-0.000687561
-0.682220459	-0.000691528
-0.681762695	-0.000683594
-0.681304932	-0.000688782
-0.680847168	-0.000685425
-0.680389404	-0.000688477
-0.679931641	-0.000688782
-0.679473877	-0.000686035
-0.679016113	-0.000687256
-0.67855835	-0.000688171
-0.678100586	-0.000686035
-0.677642822	-0.00068512
-0.677185059	-0.000689697
-0.676727295	-0.000685425
-0.676269531	-0.000683899
-0.675811768	-0.000688782
-0.675354004	-0.000685425
-0.67489624	-0.000684509
-0.674438477	-0.000682983
-0.673980713	-0.000682373
-0.673522949	-0.000683899
-0.673065186	-0.000683289
-0.672607422	-0.000683289
-0.672149658	-0.000683594
-0.671691895	-0.000682373
-0.671234131	-0.000682678
-0.670776367	-0.000680847
-0.670318604	-0.000683289
-0.66986084	-0.000682068
-0.669403076	-0.000683289
-0.668945313	-0.000680847
-0.668487549	-0.000681763
-0.668029785	-0.000679626
-0.667572021	-0.000679932
-0.667114258	-0.000679626
-0.666656494	-0.000680237
-0.66619873	-0.000678406
-0.665740967	-0.000679321
-0.665283203	-0.000680847
-0.664825439	-0.000676575
-0.664367676	-0.000678406
-0.663909912	-0.000679626
-0.663452148	-0.000680847
-0.662994385	-0.000677795
-0.662536621	-0.000675354
-0.662078857	-0.000679932
-0.661621094	-0.000675354
-0.66116333	-0.00067688
-0.660705566	-0.000675049
-0.660247803	-0.00067627
-0.659790039	-0.000675659
-0.659332275	-0.000674438
-0.658874512	-0.000675354
-0.658416748	-0.000675049
-0.657958984	-0.000671387
-0.657501221	-0.000673828
-0.657043457	-0.000674133
-0.656585693	-0.000670471
-0.65612793	-0.000672607
-0.655670166	-0.000670471
-0.655212402	-0.000671387
-0.654754639	-0.000672913
-0.654296875	-0.000670166
-0.653839111	-0.000670776
-0.653381348	-0.000670776
-0.652923584	-0.000670471
-0.65246582	-0.000668335
-0.652008057	-0.000665894
-0.651550293	-0.00066864
-0.651092529	-0.000671997
-0.650634766	-0.000667114
-0.650177002	-0.000665894
-0.649719238	-0.000664978
-0.649261475	-0.000668335
-0.648803711	-0.000664063
-0.648345947	-0.000664063
-0.647888184	-0.000665894
-0.64743042	-0.000664063
-0.646972656	-0.000665283
-0.646514893	-0.000663452
-0.646057129	-0.000664368
-0.645599365	-0.000661926
-0.645141602	-0.000662231
-0.644683838	-0.000661621
-0.644226074	-0.000661926
-0.643768311	-0.000660706
-0.643310547	-0.00065979
-0.642852783	-0.000659485
-0.64239502	-0.000657043
-0.641937256	-0.000656738
-0.641479492	-0.000657654
-0.641021729	-0.000658569
-0.640563965	-0.000656128
-0.640106201	-0.000655518
-0.639648438	-0.000655212
-0.639190674	-0.000652161
-0.63873291	-0.000653381
-0.638275146	-0.000651245
-0.637817383	-0.000653381
-0.637359619	-0.000651245
-0.636901855	-0.00065155
-0.636444092	-0.000648804
-0.635986328	-0.000650024
-0.635528564	-0.00065033
-0.635070801	-0.000648193
-0.634613037	-0.000645752
-0.634155273	-0.000646362
-0.63369751	-0.000640564
-0.633239746	-0.000644531
-0.632781982	-0.000645447
-0.632324219	-0.000643616
-0.631866455	-0.000643005
-0.631408691	-0.000642395
-0.630950928	-0.000640259
-0.630493164	-0.000641174
-0.6300354	-0.000639648
-0.629577637	-0.000637817
-0.629119873	-0.000638428
-0.628662109	-0.000636597
-0.628204346	-0.000636292
-0.627746582	-0.000632935
-0.627288818	-0.000634155
-0.626831055	-0.00063324
-0.626373291	-0.00063324
-0.625915527	-0.000629883
-0.625457764	-0.000630798
-0.625	-0.000629578
-0.624542236	-0.000628052
-0.624084473	-0.000628052
-0.623626709	-0.000628357
-0.623168945	-0.000625916
-0.622711182	-0.000625
-0.622253418	-0.000622864
-0.621795654	-0.000623779
-0.621337891	-0.00061676
-0.620880127	-0.000619507
-0.620422363	-0.00061615
-0.6199646	-0.000616455
-0.619506836	-0.000615845
-0.619049072	-0.000615234
-0.618591309	-0.000617676
-0.618133545	-0.000612488
-0.617675781	-0.000612183
-0.617218018	-0.000609741
-0.616760254	-0.000608826
-0.61630249	-0.000606689
-0.615844727	-0.000605469
-0.615386963	-0.000604553
-0.614929199	-0.000603943
-0.614471436	-0.000601501
-0.614013672	-0.000601196
-0.613555908	-0.000600281
-0.613098145	-0.000597534
-0.612640381	-0.000596008
-0.612182617	-0.000594788
-0.611724854	-0.000592957
-0.61126709	-0.000592651
-0.610809326	-0.000589294
-0.610351563	-0.000588379
-0.609893799	-0.000587769
-0.609436035	-0.000585327
-0.608978271	-0.000584106
-0.608520508	-0.00058197
-0.608062744	-0.000579529
-0.60760498	-0.000578308
-0.607147217	-0.000576782
-0.606689453	-0.000576172
-0.606231689	-0.00057312
-0.605773926	-0.000572815
-0.605316162	-0.000569763
-0.604858398	-0.000568542
-0.604400635	-0.000565796
-0.603942871	-0.000565186
-0.603485107	-0.000562744
-0.603027344	-0.000561218
-0.60256958	-0.000558472
-0.602111816	-0.000556335
-0.601654053	-0.00055542
-0.601196289	-0.000553284
-0.600738525	-0.000551758
-0.600280762	-0.000548706
-0.599822998	-0.00054657
-0.599365234	-0.000544128
-0.598907471	-0.000542603
-0.598449707	-0.000541687
-0.597991943	-0.000536804
-0.59753418	-0.000535583
-0.597076416	-0.000533752
-0.596618652	-0.000532532
-0.596160889	-0.000529785
-0.595703125	-0.000527649
-0.595245361	-0.000526123
-0.594787598	-0.000524292
-0.594329834	-0.00052063
-0.59387207	-0.000518494
-0.593414307	-0.000517883
-0.592956543	-0.000515747
-0.592498779	-0.000513
-0.592041016	-0.000510864
-0.591583252	-0.000507813
-0.591125488	-0.000505371
-0.590667725	-0.00050354
-0.590209961	-0.000487671
-0.589752197	-0.000499878
-0.589294434	-0.000497437
-0.58883667	-0.000495026
-0.588378906	-0.000493011
-0.587921143	-0.000490509
-0.587463379	-0.000488312
-0.587005615	-0.000485626
-0.586547852	-0.000484894
-0.586090088	-0.000480499
-0.585632324	-0.00047879
-0.585174561	-0.000476563
-0.584716797	-0.00047467
-0.584259033	-0.000472717
-0.58380127	-0.000470367
-0.583343506	-0.000468048
-0.582885742	-0.000466187
-0.582427979	-0.000463226
-0.581970215	-0.000461823
-0.581512451	-0.000459442
-0.581054688	-0.00045694
-0.580596924	-0.000454132
-0.58013916	-0.000451141
-0.579681396	-0.00044986
-0.579223633	-0.00044809
-0.578765869	-0.000446014
-0.578308105	-0.000443787
-0.577850342	-0.000442474
-0.577392578	-0.000439606
-0.576934814	-0.000437653
-0.576477051	-0.000435028
-0.576019287	-0.000433105
-0.575561523	-0.000430573
-0.57510376	-0.000427612
-0.574645996	-0.000426392
-0.574188232	-0.000424591
-0.573730469	-0.000422516
-0.573272705	-0.000420074
-0.572814941	-0.000417694
-0.572357178	-0.00041629
-0.571899414	-0.000413574
-0.57144165	-0.000411865
-0.570983887	-0.000410004
-0.570526123	-0.000407593
-0.570068359	-0.000406006
-0.569610596	-0.000402466
-0.569152832	-0.000401611
-0.568695068	-0.00039978
-0.568237305	-0.000397247
-0.567779541	-0.000395691
-0.567321777	-0.000393738
-0.566864014	-0.000391968
-0.56640625	-0.000390472
-0.565948486	-0.000387817
-0.565490723	-0.000386261
-0.565032959	-0.000384308
-0.564575195	-0.000381866
-0.564117432	-0.000380554
-0.563659668	-0.000377899
-0.563201904	-0.000376312
-0.562744141	-0.000374908
-0.562286377	-0.000372711
-0.561828613	-0.000371094
-0.56137085	-0.000369171
-0.560913086	-0.000368195
-0.560455322	-0.000365601
-0.559997559	-0.000363892
-0.559539795	-0.00036203
-0.559082031	-0.000360077
-0.558624268	-0.000358917
-0.558166504	-0.000357574
-0.55770874	-0.000355408
-0.557250977	-0.000353333
-0.556793213	-0.000351624
-0.556335449	-0.000349274
-0.555877686	-0.000347931
-0.555419922	-0.000346161
-0.554962158	-0.000344543
-0.554504395	-0.000342651
-0.554046631	-0.000340942
-0.553588867	-0.000339233
-0.553131104	-0.000337891
-0.55267334	-0.000336548
-0.552215576	-0.000334656
-0.551757813	-0.000332947
-0.551300049	-0.00033136
-0.550842285	-0.00032962
-0.550384521	-0.000328491
-0.549926758	-0.000326355
-0.549468994	-0.000324615
-0.54901123	-0.000323273
-0.548553467	-0.00032132
-0.548095703	-0.000319733
-0.547637939	-0.000318481
-0.547180176	-0.000316772
-0.546722412	-0.000314911
-0.546264648	-0.000313782
-0.545806885	-0.000311829
-0.545349121	-0.000310699
-0.544891357	-0.000308929
-0.544433594	-0.000307556
-0.54397583	-0.000305939
-0.543518066	-0.000304749
-0.543060303	-0.000302795
-0.542602539	-0.000301849
-0.542144775	-0.000299438
-0.541687012	-0.000298462
-0.541229248	-0.000297028
-0.540771484	-0.000295349
-0.540313721	-0.000293518
-0.539855957	-0.000292328
-0.539398193	-0.000290527
-0.53894043	-0.00028949
-0.538482666	-0.000288361
-0.538024902	-0.000286682
-0.537567139	-0.000284943
-0.537109375	-0.000283569
-0.536651611	-0.000282227
-0.536193848	-0.000280853
-0.535736084	-0.000278839
-0.53527832	-0.00027774
-0.534820557	-0.000276184
-0.534362793	-0.000274994
-0.533905029	-0.000273621
-0.533447266	-0.000271973
-0.532989502	-0.00027066
-0.532531738	-0.00026944
-0.532073975	-0.000267914
-0.531616211	-0.000266693
-0.531158447	-0.000265076
-0.530700684	-0.000263519
-0.53024292	-0.000262512
-0.529785156	-0.000260956
-0.529327393	-0.000259705
-0.528869629	-0.00025824
-0.528411865	-0.000256866
-0.527954102	-0.000255554
-0.527496338	-0.000254303
-0.527038574	-0.000252655
-0.526580811	-0.000251068
-0.526123047	-0.000249969
-0.525665283	-0.00024826
-0.52520752	-0.000247375
-0.524749756	-0.000245972
-0.524291992	-0.000244568
-0.523834229	-0.000243195
-0.523376465	-0.00024176
-0.522918701	-0.00024057
-0.522460938	-0.000238983
-0.522003174	-0.000237732
-0.52154541	-0.000236023
-0.521087646	-0.000235046
-0.520629883	-0.000233582
-0.520172119	-0.000231995
-0.519714355	-0.000231049
-0.519256592	-0.000229797
-0.518798828	-0.000228394
-0.518341064	-0.000227203
-0.517883301	-0.000225891
-0.517425537	-0.000224335
-0.516967773	-0.000223145
-0.51651001	-0.000222076
-0.516052246	-0.00022049
-0.515594482	-0.00021936
-0.515136719	-0.000217987
-0.514678955	-0.000216583
-0.514221191	-0.00021524
-0.513763428	-0.00021405
-0.513305664	-0.000212952
-0.5128479	-0.000211426
-0.512390137	-0.000210266
-0.511932373	-0.000208832
-0.511474609	-0.000207428
-0.511016846	-0.000206329
-0.510559082	-0.000204651
-0.510101318	-0.000203674
-0.509643555	-0.000202393
-0.509185791	-0.00020105
-0.508728027	-0.00019989
-0.508270264	-0.000198669
-0.5078125	-0.000197113
-0.507354736	-0.000196075
-0.506896973	-0.000194824
-0.506439209	-0.000193481
-0.505981445	-0.000191925
-0.505523682	-0.000191132
-0.505065918	-0.000189819
-0.504608154	-0.000188477
-0.504150391	-0.000187439
-0.503692627	-0.000186096
-0.503234863	-0.000184692
-0.5027771	-0.000183533
-0.502319336	-0.000182373
-0.501861572	-0.000181122
-0.501403809	-0.000179474
-0.500946045	-0.000178558
-0.500488281	-0.000177124
-0.500030518	-0.000175934
-0.499572754	-0.000174683
-0.49911499	-0.000173492
-0.498657227	-0.000172211
-0.498199463	-0.000171204
-0.497741699	-0.000169983
-0.497283936	-0.000168365
-0.496826172	-0.000167328
-0.496368408	-0.000165985
-0.495910645	-0.000165161
-0.495452881	-0.000163788
-0.494995117	-0.000162506
-0.494537354	-0.000161346
-0.49407959	-0.000160126
-0.493621826	-0.000158691
-0.493164063	-0.000157532
-0.492706299	-0.000156464
-0.492248535	-0.000155273
-0.491790771	-0.000154083
-0.491333008	-0.000152802
-0.490875244	-0.00015155
-0.49041748	-0.000150421
-0.489959717	-0.000148956
-0.489501953	-0.000147797
-0.489044189	-0.000146698
-0.488586426	-0.000145508
-0.488128662	-0.000144409
-0.487670898	-0.000143219
-0.487213135	-0.000141937
-0.486755371	-0.000140686
-0.486297607	-0.000139435
-0.485839844	-0.000138184
-0.48538208	-0.000136932
-0.484924316	-0.000135651
-0.484466553	-0.000134644
-0.484008789	-0.000133331
-0.483551025	-0.00013208
-0.483093262	-0.000130951
-0.482635498	-0.00012973
-0.482177734	-0.000128693
-0.481719971	-0.000127258
-0.481262207	-0.000126068
-0.480804443	-0.000124847
-0.48034668	-0.000123688
-0.479888916	-0.000122589
-0.479431152	-0.000121307
-0.478973389	-0.000120056
-0.478515625	-0.000118958
-0.478057861	-0.000117615
-0.477600098	-0.000116272
-0.477142334	-0.000115295
-0.47668457	-0.000114075
-0.476226807	-0.000112793
-0.475769043	-0.000111633
-0.475311279	-0.000110138
-0.474853516	-0.000109161
-0.474395752	-0.000108093
-0.473937988	-0.000106934
-0.473480225	-0.000105927
-0.473022461	-0.000104645
-0.472564697	-0.000103424
-0.472106934	-0.000102173
-0.47164917	-0.000100952
-0.471191406	-9.99E-05
-0.470733643	-9.85E-05
-0.470275879	-9.74E-05
-0.469818115	-9.63E-05
-0.469360352	-9.50E-05
-0.468902588	-9.39E-05
-0.468444824	-9.27E-05
-0.467987061	-9.13E-05
-0.467529297	-9.02E-05
-0.467071533	-8.90E-05
-0.46661377	-8.78E-05
-0.466156006	-8.67E-05
-0.465698242	-8.54E-05
-0.465240479	-8.42E-05
-0.464782715	-8.31E-05
-0.464324951	-8.18E-05
-0.463867188	-8.06E-05
-0.463409424	-7.95E-05
-0.46295166	-7.84E-05
-0.462493896	-7.72E-05
-0.462036133	-7.59E-05
-0.461578369	-7.47E-05
-0.461120605	-7.35E-05
-0.460662842	-7.24E-05
-0.460205078	-7.12E-05
-0.459747314	-7.01E-05
-0.459289551	-6.87E-05
-0.458831787	-6.74E-05
-0.458374023	-6.65E-05
-0.45791626	-6.53E-05
-0.457458496	-6.41E-05
-0.457000732	-6.29E-05
-0.456542969	-6.17E-05
-0.456085205	-6.05E-05
-0.455627441	-5.94E-05
-0.455169678	-5.81E-05
-0.454711914	-5.69E-05
-0.45425415	-5.58E-05
-0.453796387	-5.46E-05
-0.453338623	-5.35E-05
-0.452880859	-5.22E-05
-0.452423096	-5.11E-05
-0.451965332	-4.97E-05
-0.451507568	-4.87E-05
-0.451049805	-4.77E-05
-0.450592041	-4.64E-05
-0.450134277	-4.51E-05
-0.449676514	-4.39E-05
-0.44921875	-4.28E-05
-0.448760986	-4.15E-05
-0.448303223	-4.04E-05
-0.447845459	-3.91E-05
-0.447387695	-3.80E-05
-0.446929932	-3.67E-05
-0.446472168	-3.55E-05
-0.446014404	-3.44E-05
-0.445556641	-3.31E-05
-0.445098877	-3.19E-05
-0.444641113	-3.08E-05
-0.44418335	-2.96E-05
-0.443725586	-2.84E-05
-0.443267822	-2.72E-05
-0.442810059	-2.60E-05
-0.442352295	-2.48E-05
-0.441894531	-2.36E-05
-0.441436768	-2.24E-05
-0.440979004	-2.13E-05
-0.44052124	-2.01E-05
-0.440063477	-1.89E-05
-0.439605713	-1.77E-05
-0.439147949	-1.65E-05
-0.438690186	-1.54E-05
-0.438232422	-1.41E-05
-0.437774658	-1.28E-05
-0.437316895	-1.17E-05
-0.436859131	-1.05E-05
-0.436401367	-9.34E-06
-0.435943604	-8.14E-06
-0.43548584	-6.97E-06
-0.435028076	-5.87E-06
-0.434570313	-4.61E-06
-0.434112549	-3.38E-06
-0.433654785	-2.21E-06
-0.433197021	-9.06E-07
-0.432739258	1.80E-07
-0.432281494	1.43E-06
-0.43182373	2.55E-06
-0.431365967	3.85E-06
-0.430908203	5.16E-06
-0.430450439	6.14E-06
-0.429992676	7.32E-06
-0.429534912	8.54E-06
-0.429077148	9.70E-06
-0.428619385	1.08E-05
-0.428161621	1.21E-05
-0.427703857	1.33E-05
-0.427246094	1.44E-05
-0.42678833	1.57E-05
-0.426330566	1.68E-05
-0.425872803	1.81E-05
-0.425415039	1.93E-05
-0.424957275	2.05E-05
-0.424499512	2.17E-05
-0.424041748	2.29E-05
-0.423583984	2.40E-05
-0.423126221	2.53E-05
-0.422668457	2.66E-05
-0.422210693	2.78E-05
-0.42175293	2.89E-05
-0.421295166	3.02E-05
-0.420837402	3.13E-05
-0.420379639	3.25E-05
-0.419921875	3.37E-05
-0.419464111	3.50E-05
-0.419006348	3.62E-05
-0.418548584	3.75E-05
-0.41809082	3.87E-05
-0.417633057	3.98E-05
-0.417175293	4.10E-05
-0.416717529	4.22E-05
-0.416259766	4.35E-05
-0.415802002	4.47E-05
-0.415344238	4.59E-05
-0.414886475	4.71E-05
-0.414428711	4.84E-05
-0.413970947	4.95E-05
-0.413513184	5.07E-05
-0.41305542	5.20E-05
-0.412597656	5.32E-05
-0.412139893	5.44E-05
-0.411682129	5.57E-05
-0.411224365	5.69E-05
-0.410766602	5.81E-05
-0.410308838	5.94E-05
-0.409851074	6.07E-05
-0.409393311	6.19E-05
-0.408935547	6.31E-05
-0.408477783	6.44E-05
-0.40802002	6.56E-05
-0.407562256	6.68E-05
-0.407104492	6.81E-05
-0.406646729	6.93E-05
-0.406188965	7.06E-05
-0.405731201	7.19E-05
-0.405273438	7.31E-05
-0.404815674	7.43E-05
-0.40435791	7.56E-05
-0.403900146	7.68E-05
-0.403442383	7.81E-05
-0.402984619	7.93E-05
-0.402526855	8.05E-05
-0.402069092	8.18E-05
-0.401611328	8.31E-05
-0.401153564	8.44E-05
-0.400695801	8.56E-05
-0.400238037	8.69E-05
-0.399780273	8.81E-05
-0.39932251	8.94E-05
-0.398864746	9.06E-05
-0.398406982	9.19E-05
-0.397949219	9.32E-05
-0.397491455	9.45E-05
-0.397033691	9.57E-05
-0.396575928	9.69E-05
-0.396118164	9.83E-05
-0.3956604	9.96E-05
-0.395202637	0.0001008
-0.394744873	0.000102081
-0.394287109	0.000103363
-0.393829346	0.000104706
-0.393371582	0.000105896
-0.392913818	0.0001073
-0.392456055	0.00010849
-0.391998291	0.000109833
-0.391540527	0.000111084
-0.391082764	0.000112305
-0.390625	0.000113739
-0.390167236	0.000115082
-0.389709473	0.000116333
-0.389251709	0.000117676
-0.388793945	0.000119049
-0.388336182	0.000120331
-0.387878418	0.000121552
-0.387420654	0.000122864
-0.386962891	0.000124237
-0.386505127	0.000125549
-0.386047363	0.000126892
-0.3855896	0.000128296
-0.385131836	0.000129578
-0.384674072	0.000130951
-0.384216309	0.000132294
-0.383758545	0.000133636
-0.383300781	0.000134949
-0.382843018	0.000136383
-0.382385254	0.000137665
-0.38192749	0.000139099
-0.381469727	0.000140472
-0.381011963	0.000141846
-0.380554199	0.00014325
-0.380096436	0.000144592
-0.379638672	0.000146027
-0.379180908	0.0001474
-0.378723145	0.000145538
-0.378265381	0.000150299
-0.377807617	0.000151672
-0.377349854	0.000153168
-0.37689209	0.000154602
-0.376434326	0.000156006
-0.375976563	0.000157471
-0.375518799	0.000158875
-0.375061035	0.000160278
-0.374603271	0.000161865
-0.374145508	0.0001633
-0.373687744	0.000164856
-0.37322998	0.00016626
-0.372772217	0.000167725
-0.372314453	0.000169159
-0.371856689	0.000170593
-0.371398926	0.000171936
-0.370941162	0.000173218
-0.370483398	0.000174866
-0.370025635	0.0001763
-0.369567871	0.000177765
-0.369110107	0.000179108
-0.368652344	0.000180725
-0.36819458	0.000182129
-0.367736816	0.000183655
-0.367279053	0.00018515
-0.366821289	0.000186584
-0.366363525	0.000188049
-0.365905762	0.000189362
-0.365447998	0.000191254
-0.364990234	0.000192627
-0.364532471	0.000194183
-0.364074707	0.000195618
-0.363616943	0.000197144
-0.36315918	0.000198608
-0.362701416	0.000200195
-0.362243652	0.000201721
-0.361785889	0.000203247
-0.361328125	0.000204712
-0.360870361	0.000206207
-0.360412598	0.000207764
-0.359954834	0.00020932
-0.35949707	0.000210815
-0.359039307	0.000212341
-0.358581543	0.000213928
-0.358123779	0.000215302
-0.357666016	0.00021698
-0.357208252	0.000218536
-0.356750488	0.000220093
-0.356292725	0.00022052
-0.355834961	0.000223053
-0.355377197	0.000224792
-0.354919434	0.00022644
-0.35446167	0.000227966
-0.354003906	0.000229553
-0.353546143	0.000231171
-0.353088379	0.000232666
-0.352630615	0.000234222
-0.352172852	0.000235931
-0.351715088	0.000237579
-0.351257324	0.000239166
-0.350799561	0.000240875
-0.350341797	0.000242401
-0.349884033	0.000244019
-0.34942627	0.000245697
-0.348968506	0.000247223
-0.348510742	0.000248962
-0.348052979	0.000250488
-0.347595215	0.00025235
-0.347137451	0.000253876
-0.346679688	0.000255585
-0.346221924	0.000257416
-0.34576416	0.000259033
-0.345306396	0.000260742
-0.344848633	0.000262299
-0.344390869	0.000264099
-0.343933105	0.000265869
-0.343475342	0.000267578
-0.343017578	0.000269226
-0.342559814	0.000270111
-0.342102051	0.000272644
-0.341644287	0.000274261
-0.341186523	0.000276031
-0.34072876	0.000277679
-0.340270996	0.00027948
-0.339813232	0.000281158
-0.339355469	0.000282837
-0.338897705	0.000284668
-0.338439941	0.000286285
-0.337982178	0.000287933
-0.337524414	0.0002901
-0.33706665	0.000291718
-0.336608887	0.000293549
-0.336151123	0.00029541
-0.335693359	0.000297089
-0.335235596	0.00029895
-0.334777832	0.000300781
-0.334320068	0.000302124
-0.333862305	0.000304565
-0.333404541	0.000306427
-0.332946777	0.000307831
-0.332489014	0.000309998
-0.33203125	0.000312073
-0.331573486	0.000313965
-0.331115723	0.000315918
-0.330657959	0.00031781
-0.330200195	0.00031958
-0.329742432	0.000321503
-0.329284668	0.000323456
-0.328826904	0.000325287
-0.328369141	0.000327118
-0.327911377	0.000329193
-0.327453613	0.000331177
-0.32699585	0.000332947
-0.326538086	0.000335083
-0.326080322	0.000337006
-0.325622559	0.00033902
-0.325164795	0.000340942
-0.324707031	0.000343018
-0.324249268	0.000345123
-0.323791504	0.000347076
-0.32333374	0.000349152
-0.322875977	0.000351135
-0.322418213	0.000353119
-0.321960449	0.000355286
-0.321502686	0.000357025
-0.321044922	0.000359406
-0.320587158	0.000361572
-0.320129395	0.000363373
-0.319671631	0.000365662
-0.319213867	0.000367645
-0.318756104	0.000369873
-0.31829834	0.00037204
-0.317840576	0.000374207
-0.317382813	0.000376221
-0.316925049	0.000378418
-0.316467285	0.000380646
-0.316009521	0.000382721
-0.315551758	0.000384979
-0.315093994	0.000387207
-0.31463623	0.000389404
-0.314178467	0.000391296
-0.313720703	0.000393768
-0.313262939	0.000396088
-0.312805176	0.000398376
-0.312347412	0.000400635
-0.311889648	0.000402924
-0.311431885	0.000405243
-0.310974121	0.000407623
-0.310516357	0.000409882
-0.310058594	0.000412354
-0.30960083	0.000414673
-0.309143066	0.000416962
-0.308685303	0.000419556
-0.308227539	0.000421967
-0.307769775	0.0004245
-0.307312012	0.000427063
-0.306854248	0.000429504
-0.306396484	0.000431976
-0.305938721	0.00043457
-0.305480957	0.000437134
-0.305023193	0.000439423
-0.30456543	0.000442139
-0.304107666	0.000444855
-0.303649902	0.000447571
-0.303192139	0.000450195
-0.302734375	0.000453033
-0.302276611	0.00045578
-0.301818848	0.000458374
-0.301361084	0.000461334
-0.30090332	0.000464142
-0.300445557	0.000466766
-0.299987793	0.000469818
-0.299530029	0.000472778
-0.299072266	0.000475494
-0.298614502	0.000478271
-0.298156738	0.000481659
-0.297698975	0.00048468
-0.297241211	0.000487061
-0.296783447	0.00049054
-0.296325684	0.000493805
-0.29586792	0.000497009
-0.295410156	0.000499878
-0.294952393	0.000503235
-0.294494629	0.000506287
-0.294036865	0.000509338
-0.293579102	0.000513
-0.293121338	0.000516052
-0.292663574	0.000519409
-0.292205811	0.000522766
-0.291748047	0.000525818
-0.291290283	0.000529785
-0.29083252	0.000533142
-0.290374756	0.000536499
-0.289916992	0.000540161
-0.289459229	0.000543823
-0.289001465	0.000546875
-0.288543701	0.000550842
-0.288085938	0.00055481
-0.287628174	0.000558167
-0.28717041	0.000561829
-0.286712646	0.000566101
-0.286254883	0.000569153
-0.285797119	0.00057373
-0.285339355	0.000578003
-0.284881592	0.00058197
-0.284423828	0.000585632
-0.283966064	0.00059021
-0.283508301	0.000594482
-0.283050537	0.00059906
-0.282592773	0.000603638
-0.28213501	0.00060791
-0.281677246	0.000612488
-0.281219482	0.000617065
-0.280761719	0.00061676
-0.280303955	0.000626221
-0.279846191	0.000630798
-0.279388428	0.000635986
-0.278930664	0.000641174
-0.2784729	0.000646362
-0.278015137	0.000649719
-0.277557373	0.000656433
-0.277099609	0.000661011
-0.276641846	0.000666504
-0.276184082	0.000670776
-0.275726318	0.00067688
-0.275268555	0.000682678
-0.274810791	0.000687866
-0.274353027	0.00069397
-0.273895264	0.000699463
-0.2734375	0.000704956
-0.272979736	0.00071106
-0.272521973	0.000717163
-0.272064209	0.000723267
-0.271606445	0.00072937
-0.271148682	0.000735779
-0.270690918	0.000742798
-0.270233154	0.000748596
-0.269775391	0.00075592
-0.269317627	0.000762939
-0.268859863	0.000769653
-0.2684021	0.000776367
-0.267944336	0.000783997
-0.267486572	0.000791016
-0.267028809	0.00079895
-0.266571045	0.00080658
-0.266113281	0.000814514
-0.265655518	0.000821838
-0.265197754	0.000830688
-0.26473999	0.000838318
-0.264282227	0.000847168
-0.263824463	0.000855713
-0.263366699	0.000864563
-0.262908936	0.000873413
-0.262451172	0.000882263
-0.261993408	0.000891113
-0.261535645	0.000900574
-0.261077881	0.000910034
-0.260620117	0.000919495
-0.260162354	0.000928955
-0.25970459	0.000939026
-0.259246826	0.000948792
-0.258789063	0.000959167
-0.258331299	0.000969849
-0.257873535	0.000979919
-0.257415771	0.000990601
-0.256958008	0.001000366
-0.256500244	0.001011658
-0.25604248	0.001022949
-0.255584717	0.00103363
-0.255126953	0.00101532
-0.254669189	0.001055908
-0.254211426	0.001067505
-0.253753662	0.001079102
-0.253295898	0.001091309
-0.252838135	0.00110321
-0.252380371	0.001114502
-0.251922607	0.001126709
-0.251464844	0.001139526
-0.25100708	0.001151733
-0.250549316	0.001161499
-0.250091553	0.001176453
-0.249633789	0.001188965
-0.249176025	0.001200256
-0.248718262	0.0012146
-0.248260498	0.001226196
-0.247802734	0.001240234
-0.247344971	0.001253052
-0.246887207	0.001265869
-0.246429443	0.001277771
-0.24597168	0.001291809
-0.245513916	0.001304626
-0.245056152	0.001317444
-0.244598389	0.001331177
-0.244140625	0.001343994
-0.243682861	0.001357422
-0.243225098	0.001370544
-0.242767334	0.001383972
-0.24230957	0.001397705
-0.241851807	0.001410522
-0.241394043	0.001424255
-0.240936279	0.001436157
-0.240478516	0.001451111
-0.240020752	0.001464539
-0.239562988	0.001477051
-0.239105225	0.001491089
-0.238647461	0.001503296
-0.238189697	0.001517639
-0.237731934	0.001530762
-0.23727417	0.001543884
-0.236816406	0.001557007
-0.236358643	0.001570435
-0.235900879	0.001582031
-0.235443115	0.001596375
-0.234985352	0.001609497
-0.234527588	0.001622925
-0.234069824	0.001636047
-0.233612061	0.001646423
-0.233154297	0.001661987
-0.232696533	0.001673889
-0.23223877	0.001688538
-0.231781006	0.001701355
-0.231323242	0.001714478
-0.230865479	0.00172699
-0.230407715	0.001740112
-0.229949951	0.00175354
-0.229492188	0.001766052
-0.229034424	0.001779175
-0.22857666	0.001791382
-0.228118896	0.001804504
-0.227661133	0.001817627
-0.227203369	0.001826172
-0.226745605	0.001842346
-0.226287842	0.001855774
-0.225830078	0.001869507
-0.225372314	0.001881714
-0.224914551	0.001894836
-0.224456787	0.001906738
-0.223999023	0.001920471
-0.22354126	0.001933289
-0.223083496	0.00194458
-0.222625732	0.001955872
-0.222167969	0.00197113
-0.221710205	0.001980286
-0.221252441	0.001995544
-0.220794678	0.00200592
-0.220336914	0.00202179
-0.21987915	0.002034302
-0.219421387	0.002046509
-0.218963623	0.002059021
-0.218505859	0.002072144
-0.218048096	0.002084045
-0.217590332	0.002097168
-0.217132568	0.002107849
-0.216674805	0.002121277
-0.216217041	0.002132263
-0.215759277	0.002146301
-0.215301514	0.002158813
-0.21484375	0.002171936
-0.214385986	0.002184753
-0.213928223	0.002196045
-0.213470459	0.002208252
-0.213012695	0.002221069
-0.212554932	0.002232666
-0.212097168	0.002244263
-0.211639404	0.002252808
-0.211181641	0.002270203
-0.210723877	0.002282715
-0.210266113	0.002294617
-0.20980835	0.002306824
-0.209350586	0.002319031
-0.208892822	0.002329102
-0.208435059	0.00234314
-0.207977295	0.002356567
-0.207519531	0.002366943
-0.207061768	0.002378845
-0.206604004	0.002369385
-0.20614624	0.002405396
-0.205688477	0.002416687
-0.205230713	0.00242981
-0.204772949	0.002441406
-0.204315186	0.002453918
-0.203857422	0.002467041
-0.203399658	0.002478333
-0.202941895	0.002490845
-0.202484131	0.002503662
-0.202026367	0.002515869
-0.201568604	0.002527161
-0.20111084	0.002540283
-0.200653076	0.002552185
-0.200195313	0.002564697
-0.199737549	0.002570801
-0.199279785	0.002587585
-0.198822021	0.002600098
-0.198364258	0.002612915
-0.197906494	0.002624817
-0.19744873	0.002636719
-0.196990967	0.002648926
-0.196533203	0.002660828
-0.196075439	0.002605896
-0.195617676	0.002685547
-0.195159912	0.002698059
-0.194702148	0.00270752
-0.194244385	0.002721252
-0.193786621	0.002732239
-0.193328857	0.002743835
-0.192871094	0.002758484
-0.19241333	0.002766418
-0.191955566	0.002781982
-0.191497803	0.002789307
-0.191040039	0.002806091
-0.190582275	0.002817993
-0.190124512	0.002828979
-0.189666748	0.002842102
-0.189208984	0.002852173
-0.188751221	0.00286438
-0.188293457	0.002877502
-0.187835693	0.002874146
-0.18737793	0.00289917
-0.186920166	0.002911682
-0.186462402	0.002926331
-0.186004639	0.002935486
-0.185546875	0.002950134
-0.185089111	0.00296051
-0.184631348	0.002973022
-0.184173584	0.002966309
-0.18371582	0.002995911
-0.183258057	0.003009033
-0.182800293	0.00302124
-0.182342529	0.003032532
-0.181884766	0.003045959
-0.181427002	0.003056946
-0.180969238	0.003065491
-0.180511475	0.003078308
-0.180053711	0.003093872
-0.179595947	0.003100586
-0.179138184	0.003114319
-0.17868042	0.003128662
-0.178222656	0.003137817
-0.177764893	0.00315094
-0.177307129	0.003164978
-0.176849365	0.003175354
-0.176391602	0.003187866
-0.175933838	0.003200684
-0.175476074	0.003210144
-0.175018311	0.003222046
-0.174560547	0.003236694
-0.174102783	0.003244324
-0.17364502	0.003258972
-0.173187256	0.003268433
-0.172729492	0.003282166
-0.172271729	0.003293762
-0.171813965	0.00330658
-0.171356201	0.003318176
-0.170898438	0.003328857
-0.170440674	0.00334198
-0.16998291	0.003353882
-0.169525146	0.003366089
-0.169067383	0.003378601
-0.168609619	0.003390808
-0.168151855	0.003401184
-0.167694092	0.003409424
-0.167236328	0.003424377
-0.166778564	0.003435364
-0.166320801	0.003448792
-0.165863037	0.003460083
-0.165405273	0.00347229
-0.16494751	0.003484497
-0.164489746	0.003485413
-0.164031982	0.003507996
-0.163574219	0.003518677
-0.163116455	0.003530579
-0.162658691	0.003543091
-0.162200928	0.003551331
-0.161743164	0.003566284
-0.1612854	0.003578186
-0.160827637	0.003589783
-0.160369873	0.003598938
-0.159912109	0.003612671
-0.159454346	0.003623047
-0.158996582	0.00362854
-0.158538818	0.003646545
-0.158081055	0.003658142
-0.157623291	0.003672791
-0.157165527	0.003683167
-0.156707764	0.003695984
-0.15625	0.003704224
-0.155792236	0.00371521
-0.155334473	0.003731384
-0.154876709	0.003739319
-0.154418945	0.003748779
-0.153961182	0.003756714
-0.153503418	0.003768616
-0.153045654	0.003786621
-0.152587891	0.003800964
-0.152130127	0.003813171
-0.151672363	0.003820496
-0.1512146	0.003834229
-0.150756836	0.003841248
-0.150299072	0.003859863
-0.149841309	0.003871155
-0.149383545	0.003867798
-0.148925781	0.003895569
-0.148468018	0.003907166
-0.148010254	0.003913269
-0.14755249	0.003929443
-0.147094727	0.003940735
-0.146636963	0.003951416
-0.146179199	0.003964539
-0.145721436	0.003976746
-0.145263672	0.003987732
-0.144805908	0.003997803
-0.144348145	0.003999329
-0.143890381	0.004021301
-0.143432617	0.004033203
-0.142974854	0.004045105
-0.14251709	0.004056702
-0.142059326	0.00407074
-0.141601563	0.004078369
-0.141143799	0.00408905
-0.140686035	0.004103394
-0.140228271	0.004115601
-0.139770508	0.004128418
-0.139312744	0.004140015
-0.13885498	0.004150391
-0.138397217	0.004159241
-0.137939453	0.004173889
-0.137481689	0.004177856
-0.137023926	0.004196777
-0.136566162	0.004207153
-0.136108398	0.004219971
-0.135650635	0.004230957
-0.135192871	0.00424408
-0.134735107	0.004246826
-0.134277344	0.004267578
-0.13381958	0.004261169
-0.133361816	0.004283447
-0.132904053	0.004300537
-0.132446289	0.004303894
-0.131988525	0.004323425
-0.131530762	0.004337769
-0.131072998	0.004347229
-0.130615234	0.004360046
-0.130157471	0.004365845
-0.129699707	0.004382019
-0.129241943	0.004371033
-0.12878418	0.004401245
-0.128326416	0.004417114
-0.127868652	0.004416504
-0.127410889	0.004440918
-0.126953125	0.004450378
-0.126495361	0.00445282
-0.126037598	0.004472961
-0.125579834	0.004486694
-0.12512207	0.004462585
-0.124664307	0.004509583
-0.124206543	0.004521484
-0.123748779	0.004529114
-0.123291016	0.004538574
-0.122833252	0.004556274
-0.122375488	0.004559021
-0.121917725	0.004576721
-0.121459961	0.004590149
-0.121002197	0.004599304
-0.120544434	0.004599915
-0.12008667	0.004618835
-0.119628906	0.004631348
-0.119171143	0.004645996
-0.118713379	0.004657898
-0.118255615	0.004668579
-0.117797852	0.004677429
-0.117340088	0.004691162
-0.116882324	0.004694214
-0.116424561	0.00471344
-0.115966797	0.004724426
-0.115509033	0.004736328
-0.11505127	0.004746094
-0.114593506	0.004762878
-0.114135742	0.004763184
-0.113677979	0.004785767
-0.113220215	0.004795532
-0.112762451	0.004807129
-0.112304688	0.00481842
-0.111846924	0.004832153
-0.11138916	0.004828491
-0.110931396	0.004846497
-0.110473633	0.004863892
-0.110015869	0.004873962
-0.109558105	0.004885254
-0.109100342	0.004897766
-0.108642578	0.004887695
-0.108184814	0.004917603
-0.107727051	0.004932251
-0.107269287	0.004942017
-0.106811523	0.00495575
-0.10635376	0.0049646
-0.105895996	0.004974365
-0.105438232	0.004978333
-0.104980469	0.004998779
-0.104522705	0.005010986
-0.104064941	0.005026245
-0.103607178	0.005032349
-0.103149414	0.005044556
-0.10269165	0.005050659
-0.102233887	0.00506897
-0.101776123	0.004953613
-0.101318359	0.005093384
-0.100860596	0.005105591
-0.100402832	0.005114746
-0.099945068	0.005117798
-0.099487305	0.00513916
-0.099029541	0.005148315
-0.098571777	0.005145264
-0.098114014	0.005172729
-0.09765625	0.005181885
-0.097198486	0.005194092
-0.096740723	0.005203247
-0.096282959	0.005215454
-0.095825195	0.005230713
-0.095367432	0.005239868
-0.094909668	0.005233765
-0.094451904	0.005249023
-0.093994141	0.005270386
-0.093536377	0.005285645
-0.093078613	0.005276489
-0.09262085	0.005300903
-0.092163086	0.005319214
-0.091705322	0.005325317
-0.091247559	0.005337524
-0.090789795	0.005343628
-0.090332031	0.00536499
-0.089874268	0.005377197
-0.089416504	0.005383301
-0.08895874	0.00539856
-0.088500977	0.005407715
-0.088043213	0.005422974
-0.087585449	0.005404663
-0.087127686	0.005441284
-0.086669922	0.005447388
-0.086212158	0.005462646
-0.085754395	0.005477905
-0.085296631	0.005480957
-0.084838867	0.005499268
-0.084381104	0.005508423
-0.08392334	0.005517578
-0.083465576	0.005532837
-0.083007813	0.005545044
-0.082550049	0.005548096
-0.082092285	0.005563354
-0.081634521	0.00557251
-0.081176758	0.005587769
-0.080718994	0.005581665
-0.08026123	0.005603027
-0.079803467	0.005618286
-0.079345703	0.005627441
-0.078887939	0.0056427
-0.078430176	0.005657959
-0.077972412	0.005661011
-0.077514648	0.005679321
-0.077056885	0.005691528
-0.076599121	0.005679321
-0.076141357	0.005709839
-0.075683594	0.005712891
-0.07522583	0.005734253
-0.074768066	0.005722046
-0.074310303	0.00574646
-0.073852539	0.005764771
-0.073394775	0.005749512
-0.072937012	0.005783081
-0.073394775	0.005780029
-0.073852539	0.005773926
-0.074310303	0.005770874
-0.074768066	0.005758667
-0.07522583	0.005761719
-0.075683594	0.005755615
-0.076141357	0.005752563
-0.076599121	0.005740356
-0.077056885	0.005740356
-0.077514648	0.005712891
-0.077972412	0.005728149
-0.078430176	0.005712891
-0.078887939	0.005715942
-0.079345703	0.005688477
-0.079803467	0.005700684
-0.08026123	0.005697632
-0.080718994	0.005691528
-0.081176758	0.005679321
-0.081634521	0.005679321
-0.082092285	0.00567627
-0.082550049	0.005566406
-0.083007813	0.005664063
-0.083465576	0.005654907